-1.15658461967e-05 -2.43928763538e-07 -0.00542051058509
-1.15752751325e-05 -2.39418570788e-07 -0.00543051086036
-1.15857824136e-05 -2.41477561408e-07 -0.00544165476757
-1.15987465433e-05 -2.56365565213e-07 -0.00545540414094
-1.16089999842e-05 -2.54389454746e-07 -0.00546627886425
-1.16191757658e-05 -2.5644728028e-07 -0.0054770711353
-1.16233499384e-05 -2.41526039799e-07 -0.00548149845925
-1.16359232427e-05 -2.49649674525e-07 -0.00549483346852
-1.16483486587e-05 -2.60364566677e-07 -0.00550801148157
-1.16561196349e-05 -2.51986767203e-07 -0.00551625349983
-1.16683220094e-05 -2.63082636307e-07 -0.00552919487519
-1.16764819315e-05 -2.62473515583e-07 -0.0055378491748
-1.16870837963e-05 -2.61664265879e-07 -0.00554909330367
-1.17014470043e-05 -2.47153753136e-07 -0.005564326996
-1.1714081239e-05 -2.62462809049e-07 -0.00557772633772
-1.17274948298e-05 -2.71397047996e-07 -0.00559195247175
-1.17345463295e-05 -2.62493559254e-07 -0.00559943120928
-1.17487554996e-05 -2.38710867858e-07 -0.00561450143026
-1.17597514861e-05 -2.51462674776e-07 -0.00562616349861
-1.17718832813e-05 -2.63233266762e-07 -0.00563902995048
-1.17769039345e-05 -2.5148824405e-07 -0.00564435499581
-1.17934325746e-05 -2.71492296445e-07 -0.00566188457754
-1.17973696268e-05 -2.51519551742e-07 -0.00566606041592
-1.18146919467e-05 -2.38805179978e-07 -0.00568443206177
-1.18298124912e-05 -2.62714686788e-07 -0.00570046822785
-1.18349814377e-05 -2.51572157495e-07 -0.00570595052127
-1.18483379449e-05 -2.55261685922e-07 -0.00572011589236
-1.1855014263e-05 -2.51693403383e-07 -0.00572719676028
-1.18677774088e-05 -2.67535099805e-07 -0.00574073266466
-1.18752725303e-05 -2.6276246202e-07 -0.00574868184205
-1.18926312525e-05 -2.51764468706e-07 -0.00576709220571
-1.19009074558e-05 -2.51667559443e-07 -0.00577586969526
-1.19102631101e-05 -2.41141407688e-07 -0.00578579205173
-1.19258454194e-05 -2.67803447577e-07 -0.0058023177532
-1.19438862195e-05 -2.62041760477e-07 -0.00582145125029
0.000140295769213 -2.11909063206e-07 -0.00580649088318
0.00046737056426 -2.33170263907e-07 -0.00581058406011
0.000796019423042 -2.56319857e-07 -0.005817492495
0.00112466168498 -2.91563032667e-07 -0.00582800989795
0.00162172284352 -2.27156660061e-07 -0.00580879076547
0.00212923520058 -2.7920870315e-07 -0.00582432345689
0.00312634092901 -4.35198335848e-07 -0.00587106254373
0.00477486595657 -5.56499170058e-07 -0.00590725961008
0.00657691229245 -7.33330707106e-07 -0.00596002726906
0.0085438806645 -9.32739349668e-07 -0.00601953204531
0.010293702092 -1.08280754899e-06 -0.00603095393097
0.0124258558875 -1.46013897913e-06 -0.00614355158305
0.0151767808117 -1.7184514674e-06 -0.00622063356274
0.0182225268635 -2.04408507419e-06 -0.00631780254373
0.0211910671458 -2.3486616032e-06 -0.00640869031331
0.0241620844537 -2.65443758482e-06 -0.00639256466892
0.0276184904509 -3.34075336085e-06 -0.00659736499127
0.0313945149984 -3.71767958819e-06 -0.00670984349764
0.0353317720127 -4.21136969371e-06 -0.00685716394415
0.0394107879314 -4.70177115345e-06 -0.00700350357692
0.043493145473 -5.31016517071e-06 -0.00718504837406
0.0476984059988 -6.28901869183e-06 -0.00747713635198
0.0520858752831 -1.28034388341e-05 -0.00942102361954
0.0562716912393 -1.55355059633e-05 -0.0102362626323
0.0604583472534 -1.35996747725e-05 -0.00966312538295
0.0650456214219 -1.33487023732e-05 -0.00958823788842
0.0698773960921 -1.39632228327e-05 -0.00977160836966
0.0750613173638 -1.47450951378e-05 -0.0100049140143
0.0807626342723 -1.56828789101e-05 -0.0102100503956
0.0867794850749 -1.65817422214e-05 -0.0104782656657
0.093657529569 -1.77089049205e-05 -0.0108146048846
0.101697478234 -1.91508438533e-05 -0.0112187344045
0.11015989722 -2.07963913185e-05 -0.0115000518843
0.118738417766 -2.24906646718e-05 -0.0115951381373
0.127576979173 -2.42521733458e-05 -0.0117390938414
0.13615584637 -2.60094425486e-05 -0.0120616664071
0.144734701584 -2.78688842321e-05 -0.0126165241007
0.153564340262 -3.01854471777e-05 -0.0133077675491
0.16213000354 -3.20189737805e-05 -0.0138548564363
0.170709273517 -3.40885781046e-05 -0.0144313931314
0.179548796906 -3.63689524091e-05 -0.0147802960575
0.188127850187 -3.85926112907e-05 -0.0149519671718
0.196706646049 -4.08407016914e-05 -0.0149661881334
0.205545257217 -4.31300186162e-05 -0.0149786740631
0.214123821384 -4.53395689787e-05 -0.0149920450581
0.222702351022 -4.75316097961e-05 -0.0149939558219
0.231540878811 -4.979244366e-05 -0.0150147573055
0.240119702301 -5.20836303219e-05 -0.0152749746615
0.248698520671 -5.44318473578e-05 -0.0159756643832
0.257527412295 -5.72699931839e-05 -0.0168225227284
0.266093855038 -5.96501493582e-05 -0.0175327029393
0.274673232302 -6.22624991212e-05 -0.0180875652536
0.283512850191 -6.50787274515e-05 -0.0181003109252
0.292091930899 -6.78007493083e-05 -0.0180893040275
0.300670748703 -7.05127769989e-05 -0.0180745362788
0.309509389493 -7.32793621681e-05 -0.0180544949308
0.31808798907 -7.59362612458e-05 -0.0180259335391
0.326666486404 -7.85428377329e-05 -0.0180495818533
0.335504974952 -8.12860045536e-05 -0.0181176245927
0.344083731959 -8.39925822585e-05 -0.0183359028364
0.352662539004 -8.69062434916e-05 -0.0191258537959
0.361490701737 -9.02236265189e-05 -0.0201156864003
0.370057961124 -9.31144419949e-05 -0.0209782169885
0.378637454545 -9.62365630666e-05 -0.0214059943655
0.387477041094 -9.95656659664e-05 -0.0214054290843
0.396056106392 -0.000102780494114 -0.0213951841178
0.404634917427 -0.000105985111535 -0.0213836792994
0.413473553686 -0.00010926060096 -0.0213697013368
0.422052104578 -0.000112369209636 -0.0213705584324
0.430630615067 -0.000115528194606 -0.0214069201297
0.439469103466 -0.000118792219235 -0.0214898569913
0.543247417449 0.00181724506297 3.99558427648
0.56026554846 0.0032939834994 5.91191273018
0.569000526594 0.00428646751687 7.07349158963
0.577498091921 0.00544221184271 8.39571331958
0.585978429962 0.00680207149992 9.80432097321
0.594699391889 0.00843119254928 11.3393854198
0.603041509426 0.0102167921502 12.7903094739
0.611472020214 0.0122518149173 14.3741673481
0.620103781881 0.0146062753243 16.1643907349
0.628285291458 0.0171073032075 17.944613055
0.636270305675 0.0198364429411 19.7714945971
0.644283742438 0.022873303421 21.7004091416
0.651951698548 0.0260742986866 23.575060759
0.659501532781 0.029520554284 25.4537195692
0.715522429523 0.0660161213012 40.6817949474
0.792671619037 0.183414540066 73.0545886295
0.803886869641 0.31740547398 94.9867004845
0.803091369276 0.325736744212 95.8805702628
0.802131913371 0.33442040592 96.6947107895
0.801089716231 0.3428139139 97.4376154142
0.798642016076 0.359839545609 98.8659528632
0.797285604464 0.368213722657 99.5222779475
0.794260651991 0.385186040774 100.673168208
0.792646138532 0.393522066259 101.237950805
0.78911590266 0.410395105362 102.384759225
0.787253248958 0.418678572748 102.949451134
0.785309753105 0.426941141677 103.513095704
0.781117225769 0.443638506189 104.674789418
0.778925273612 0.451838797904 105.24282851
0.776580572621 0.460270383929 105.82616997
0.774222898877 0.468430575219 106.392506614
0.771784792957 0.476566704317 106.959061868
0.411683741668 0.861442229939 175.515651285
0.403065604027 0.861999335178 177.054690511
0.394678010496 0.862319448849 178.536600163
0.386330855719 0.862421444778 -179.965602557
0.369389423171 0.861954734017 -176.909838162
0.361061056943 0.861392915698 -175.404401473
0.352500860835 0.860585642042 -173.852102216
0.335961645573 0.858358098395 -170.837598994
0.327493296835 0.856871874909 -169.284469253
0.31933089531 0.855213882484 -167.783778555
0.311200699471 0.853339090035 -166.276758449
0.286904242121 0.846361982208 -161.710233154
0.278777617609 0.843550820247 -160.158108539
0.270960106749 0.840611123942 -158.653469283
0.263203316552 0.83746612383 -157.154819213
0.247654979796 0.830511942397 -154.087970877
0.232606935038 0.822658532143 -150.777079004
0.0928894584715 0.550520562442 -86.2021057445
0.0931265269934 0.546891551734 -86.3136474312
0.0933876348822 0.542816441977 -86.3529842127
0.0939230885398 0.534416581432 -86.3752707945
0.0942006736674 0.530047752244 -86.3543269461
0.0944806088754 0.525683844014 -86.3182781522
0.0947714312677 0.521163390551 -86.3385895704
0.0953797737243 0.511311650107 -86.632092145
0.0956626943655 0.506369011405 -86.8098613277
0.0961899395719 0.496330887707 -87.1710261811
0.0964263757469 0.491385383381 -87.3489836847
0.0966539245237 0.486289160639 -87.5323565838
0.0968591974848 0.481342034661 -87.7103339655
0.0972288560472 0.471295484978 -88.0714675614
0.0973876971481 0.466345857262 -88.2489705022
0.0975312059456 0.461395139339 -88.4257977496
0.0938890765277 0.207164955707 -86.9726881029
0.0948175418689 0.189960002762 -86.9021780235
0.0952813153025 0.181393714956 -86.9017509304
0.0962236850423 0.164000727498 -86.9006815
0.0966879179071 0.155432530842 -86.8994414926
0.0976153296961 0.137953257854 -87.0608157992
0.0980376769874 0.129521024363 -87.1864912821
0.0988058332693 0.113229807386 -87.4388596679
0.0994754037977 0.0962714318376 -88.0784877695
0.0997430970511 0.0874341352416 -88.4447224177
0.0999489043848 0.0788552940586 -88.8002129458
0.100101478038 0.0702753639304 -89.1556865269
0.100246462061 0.0528204441295 -89.889395095
0.100169587817 0.0353874018503 -90.6089592365
0.0998718308552 0.0181153239986 -91.3595445663
0.0588864043307 -0.33596850555 -100.669911613
0.0555899045577 -0.353142745606 -101.057129425
0.0522312054354 -0.370030258433 -101.435479322
0.0487082170965 -0.387148867619 -101.81911455
0.0469311359154 -0.395570629125 -102.008252355
0.043247887804 -0.412592361117 -102.417362804
0.0394329177081 -0.429641037675 -102.803914584
0.0375103505512 -0.438035413607 -102.993927433
0.0335209095017 -0.455058471583 -103.37959225
0.0294810850843 -0.471795323847 -103.757042733
0.0273570939191 -0.480406311469 -103.951381495
0.023150887373 -0.497100254148 -104.328991282
0.0187736231726 -0.513996497434 -104.721856742
0.0165788606066 -0.52228890709 -104.923300564
0.0120095097669 -0.539215921737 -105.255360218
-0.0765932771736 -0.873366899295 -101.976195774
-0.0784061972479 -0.881986751133 -101.78221005
-0.0818416412562 -0.898735732977 -101.405717344
-0.0835658183302 -0.907358425311 -101.218434656
-0.0868362370047 -0.924133113115 -100.846062158
-0.0900452827979 -0.941193069674 -100.464083794
-0.0931393995243 -0.958269228528 -100.080743974
-0.0946218786908 -0.966690137176 -99.8929792116
-0.0960778444825 -0.975121732302 -99.7074783609
-0.0988956829893 -0.991944351461 -99.2776681852
-0.100193445917 -0.999982897177 -99.063148582
-0.102755624317 -1.01646645392 -98.5790918563
-0.103995478704 -1.02486438985 -98.2155739378
-0.106351788286 -1.04200184123 -97.4509181799
-0.107428185395 -1.05045436207 -97.0746299338
-0.109445569355 -1.06765528391 -96.3172433774
-0.116260588205 -1.36971259314 -89.3447422981
-0.116162386426 -1.37829093198 -89.3440394759
-0.115962461567 -1.39568213521 -89.3310359088
-0.115862280222 -1.404260313 -89.3304516019
-0.115761938846 -1.41283960266 -89.3301835572
-0.115558314845 -1.43025663708 -89.3297666861
-0.115457965185 -1.43883477481 -89.3296138662
-0.115354520292 -1.4476727235 -89.3294498831
-0.11525406012 -1.45625066202 -89.3292572032
-0.115049994679 -1.47366667155 -89.3286635362
-0.114949375941 -1.48224498711 -89.3279536509
-0.114849056803 -1.49081721763 -89.323686722
-0.1146420829 -1.50821449418 -89.314552327
-0.114539256226 -1.51679378071 -89.3143174099
-0.114330812828 -1.53421072401 -89.3139077675
-0.110808251087 -1.82007518238 -89.2671119219
-0.110585235005 -1.83749282762 -89.2666427621
-0.110475551586 -1.84607100703 -89.2664787112
-0.110252412852 -1.86348681828 -89.2661598758
-0.110032504908 -1.880642468 -89.2657114744
-0.10991915877 -1.88948047966 -89.2653367106
-0.109699725441 -1.90662792459 -89.2588462459
-0.109584896231 -1.91544913195 -89.2516809174
-0.109360545258 -1.9326070957 -89.2510823923
-0.109245027866 -1.9414455463 -89.2508525563
-0.109132991061 -1.95002368739 -89.2506896618
-0.108905036441 -1.96743942924 -89.2503705345
-0.108792734783 -1.97601721371 -89.2501722791
-0.108564618313 -1.99343301693 -89.2495378257
-0.10845215366 -2.00201100974 -89.2486371695
-0.0955986313837 -2.29463789975 -79.8687288143
-0.0940004238873 -2.30315996011 -78.9060112326
-0.090478125152 -2.3196407751 -76.9391259984
-0.0862888841111 -2.33618462071 -74.6544665355
-0.083983599759 -2.34426520719 -73.5244993542
-0.0814413159412 -2.35254490403 -72.3609927499
-0.0788106802785 -2.36054034795 -71.2354042795
-0.0729918027731 -2.37662865587 -68.9737592743
-0.069890221348 -2.38446273595 -67.8523336968
-0.0631340597357 -2.40014861654 -65.5658365694
-0.0558749766113 -2.41531732738 -63.3103895373
-0.0519050931305 -2.42301468864 -62.1465808881
-0.0479041546714 -2.43040483154 -61.0157187159
-0.0437571987856 -2.43771566604 -59.8843007089
-0.0393378226234 -2.4451559653 -58.7212503438
-0.0349025473553 -2.45229368845 -57.5907239521
0.187725327077 -2.62735784014 -18.8820144679
0.19593618972 -2.63007180724 -17.7215881474
0.21204199738 -2.63486694177 -15.4611462446
0.228572757107 -2.63908126362 -13.1665516179
0.245262658597 -2.64263120607 -10.8725942366
0.253539684677 -2.6441354423 -9.74515595119
0.270442864084 -2.64671267076 -7.66666829313
0.278832221334 -2.64777476992 -6.79784647149
0.287268440383 -2.64872014669 -6.02009739577
0.295889164284 -2.64958570465 -5.56016333586
0.312330274613 -2.65111168054 -5.03489542399
0.32110541813 -2.65186869667 -4.83608259195
0.329639241263 -2.65258250319 -4.73645725601
0.346987366462 -2.65399642191 -4.63305751859
0.35553056884 -2.6546883741 -4.63659737144
0.502386893332 -2.6666263277 -4.6554398402
0.657817198431 -2.67929900022 -4.66656700167
0.666357838167 -2.6799961775 -4.67082803387
0.674891002759 -2.68069380851 -4.6769513737
0.683695305913 -2.68141373083 -4.67532571615
0.700797276583 -2.68281237368 -4.67607474723
0.709606935785 -2.68353295673 -4.6763218675
0.726707255791 -2.68493173491 -4.67647553437
0.735516371001 -2.68565231486 -4.67652087598
0.744066372069 -2.68635168577 -4.67656400529
0.761425215618 -2.68777167144 -4.67690552364
0.769965250191 -2.68847030616 -4.68141827801
0.787303626719 -2.68989106498 -4.68546451155
0.795854620271 -2.6905918308 -4.68583221627
0.804405481714 -2.69129271356 -4.6862503103
0.813214996201 -2.6920148594 -4.68648993256
1.15839445738 -2.70149883549 2.13580219367
1.17547518528 -2.70078327271 2.69745111488
1.18396519395 -2.70035577744 3.06575537797
1.19247167186 -2.69987142158 3.44227733756
1.20973585688 -2.69871603067 4.2051007558
1.21824899633 -2.69806165294 4.57520094412
1.23554310017 -2.69656343359 5.31823601719
1.2440631647 -2.6957423731 5.68071509811
1.25281469787 -2.69484217077 6.05934001148
1.26127038118 -2.693917188 6.41369448378
1.2784773027 -2.69187116955 7.1540176632
1.28692770894 -2.69078175338 7.5306487992
1.30406121858 -2.68839920745 8.2951622198
1.32090783251 -2.6858285834 9.04856959144
1.32957036221 -2.68441829141 9.43793805711
1.64596763391 -2.60058422966 18.7583904946
1.72737665828 -2.57139328883 20.6771192977
1.78356666523 -2.54942783543 22.020942592
1.79963688837 -2.54286497855 22.4040388313
1.82353002433 -2.53287517496 22.9718680623
2.13878939523 -2.3729977918 30.7971228741
2.21232192431 -2.32748161183 32.707772882
2.26270722943 -2.29429010474 34.0374540694
2.30534997581 -2.26486154967 35.1792883648
2.59516468415 -2.0595016964 35.3509340785
2.65877267858 -2.01437879544 35.3528646078
2.70813807777 -1.97934411293 35.3656641745
2.77169973409 -1.93422164125 35.3799566078
3.08244867164 -1.71335621762 35.4253731158
3.14595972188 -1.66816043945 35.4383190387
3.20946250216 -1.62295387431 35.4520833168
3.23762589663 -1.60290039174 35.4528214056
3.58316730013 -1.35656241316 35.5101954213
3.6677680344 -1.2961692265 35.524401944
3.69606793702 -1.27598871638 35.3087456891
3.74607022545 -1.24143980961 33.9798830174
3.77493308876 -1.2222597158 33.2330946409
4.15547988407 -0.997086288571 30.1228117041
4.17796458302 -0.984040370189 30.1232541639
4.20805947124 -0.966575467457 30.137674856
4.26042917394 -0.93618075846 30.128463227
4.59679674242 -0.739769753444 31.727322192
4.65512363829 -0.702623529745 33.2548506293
4.69815019309 -0.673797066709 34.3888043067
4.72645207766 -0.654148431139 35.1478742638
4.76158952846 -0.628970630849 36.0972787889
5.06927653784 -0.365504770507 45.0390974083
5.11156503846 -0.322144210197 46.3748944622
5.17987542599 -0.244807596586 50.8176358896
5.19055303552 -0.231528105933 51.5719192473
5.19598484385 -0.22463300462 51.960323105
5.20639580943 -0.211142831687 52.7134558647
5.21169004626 -0.204139628217 53.1016641262
5.40654424208 0.167577383859 70.5291849963
5.42599595992 0.224679629254 71.7947090349
5.42874012535 0.23303558472 71.8226940656
5.43408185693 0.249294586311 71.8027482451
5.43684229778 0.257691826579 71.8029833591
5.44220044328 0.273991569428 71.8031233021
5.5506861349 0.603259652959 71.7302426813
5.56151899977 0.636067102393 71.7132677148
5.56967494 0.660742167627 71.7100805655
5.58329917113 0.701962548223 71.709647653
5.59960633161 0.751280435995 71.6917772277
5.61316167571 0.792249549553 71.6918478605
5.7358193304 1.1621955183 71.6187552404
5.7495080049 1.20339157328 71.6189182034
5.75769402738 1.22802248899 71.6016750275
5.76038354759 1.23612224298 71.6720379357
5.76314289093 1.24449509221 71.8520467748
5.77879958903 1.29390595007 72.9857891413
5.86140890738 1.64731590405 80.6815144944
5.86678380533 1.68143879584 81.4066168208
5.87054060023 1.70710971866 81.9313289821
5.87172968296 1.71559529654 82.1118433693
5.87406045765 1.73282903046 82.4817705339
5.87835128788 1.76706413207 83.2225719732
5.90504163476 2.09518161421 85.8511031876
5.90754544391 2.12964252722 85.8422683344
5.9094306888 2.15557205771 85.8410338802
5.91195705932 2.19031550249 85.8400026379
5.91320079553 2.20741058002 85.8333478714
5.91384265007 2.21621804112 85.8304780349
5.93532050647 2.50992414247 85.8034780639
5.93850130419 2.55319859943 85.7945472183
5.9410372811 2.58768163837 85.7930924468
5.94294435849 2.6136060124 85.7916401702
5.94485317219 2.63950963848 85.7832054485
5.94548399827 2.64806534916 85.7831732411
5.94804587497 2.68280661496 85.7820241196
5.97108587888 2.99384141503 85.7471832503
5.9749424066 3.04566670177 85.7366952496
5.97751203439 3.08014745141 85.7356942056
5.9788070212 3.09751656056 85.7352311057
5.98074047429 3.12344135406 85.7342692122
5.98137841081 3.13199233501 85.7327412223
5.98395352032 3.16645019553 85.7246137436
6.00795653814 3.48627520748 85.6891475163
6.00924642825 3.50338433448 85.6885824949
6.01251043085 3.5466704699 85.6850381834
6.0151139734 3.58112870915 85.6779063864
6.0164269434 3.59849819507 85.6769154305
6.01773968649 3.61586534458 85.6766543021
6.01838646869 3.62442042172 85.6761408455
6.01969964019 3.64178831896 85.6756368673
6.04135100649 3.92685707074 85.6416407807
6.04463001329 3.96986108267 85.6311790811
6.0459568789 3.98722802717 85.631215863
6.04728380068 4.00459553629 85.6307157278
6.04926448425 4.03051647698 85.6298227758
6.05057187974 4.04762476827 85.6291534286
6.0545380734 4.09944044815 85.6193272036
6.07778803578 4.40185534407 85.5847251831
6.0810619758 4.44522485165 85.9899213341
6.08420907537 4.49705181803 87.0524260418
6.085422186 4.52300931692 87.5929575152
6.085768519 4.53157357476 87.7728228645
6.0863878252 4.54895282248 88.1424198968
6.08665159351 4.55751531424 88.3238679366
6.08710511786 4.57489794465 88.6783822071
6.08729491289 4.58347162926 88.7757778036
6.08747721722 4.59205356818 88.7833675781
6.09062243011 4.73939791927 88.7691483866
6.09457146364 4.92128524149 88.7435415016
6.0953300939 4.95585468957 88.7415717378
6.09590114202 4.98184416146 88.7397040313
6.09686116228 5.02522390449 88.7303499111
6.09705125825 5.03380051134 88.7302055882
6.09743739269 5.05121484187 88.7293308561
6.0976277586 5.05979321775 88.7283550235
6.09782385553 5.06862959304 88.7280167665
6.10446841886 5.3630274287 88.6896773352
6.10546217466 5.40641167902 88.679444935
6.10606189425 5.43239673938 88.6777010818
6.10666187552 5.45838625967 88.6771504092
6.10705830324 5.47554181144 88.6755758065
6.10765928453 5.50152955945 88.673378176
6.10826353036 5.52749620003 88.6645288362
6.11300788576 5.84801113613 91.2194734931
6.11233166007 5.8739900124 91.7592008464
6.11073217307 5.91698271302 92.3050476427
6.11003136383 5.93438800803 92.3064682263
6.10933021206 5.95179223284 92.3074892986
6.10898477112 5.96036410775 92.307841475
6.10863925443 5.9689358581 92.308170135
6.10688854935 6.01227027657 92.3277249372
6.09693289905 6.25455312613 92.3845820938
6.09585117974 6.28052663538 92.3848404322
6.09404270384 6.32386280019 92.4017848954
6.09331294514 6.3412638764 92.4011041335
6.09295351544 6.3498358447 92.4015481504
6.09259403782 6.35840740242 92.401854848
6.09222363095 6.36723836325 92.4020520327
6.09186408095 6.37580942037 92.402219441
6.09077419321 6.40178189534 92.4028647402
6.07868663535 6.68740364483 92.4387922026
6.0768389306 6.73075453379 92.4489757096
6.07572782511 6.75672181815 92.4500449026
6.07499429197 6.7738646078 92.4507556264
6.07424948758 6.79126594239 92.4510896259
6.07388257582 6.79983658121 92.4512635768
6.07313748268 6.8172374804 92.4517271676
6.06043151615 7.11141747347 92.488140591
6.05891889788 7.14619434077 92.4989549216
6.05665248506 7.19813469613 92.5002240346
6.05590395317 7.21527540138 92.5005593689
6.05476966538 7.24124203517 92.5030287623
6.05438373842 7.2500527218 92.5111155039
6.05400797267 7.25862049296 92.5112598254
6.05363208239 7.26719031457 92.5108138114
6.05210559281 7.30199350434 92.512101676
6.04224231109 7.62272492926 89.5213895262
6.04245966911 7.64872595328 89.5179533693
6.0428331658 7.6920997248 89.4890035887
6.04306525068 7.71809559109 89.4881242452
6.04321856037 7.73525269257 89.487365786
6.04337454061 7.75267604752 89.4839568821
6.04353256047 7.77010397125 89.478271084
6.04361087764 7.77867809368 89.4755245977
6.04377376369 7.79604973648 89.4551486348
6.0471583797 8.12505392504 89.3532708056
6.04764881783 8.1684737035 89.3486223272
6.04794644063 8.19447105386 89.3398840297
6.04845873947 8.23784018079 89.3206288801
6.04897177368 8.2810082169 89.3119652843
6.04907802948 8.28984665041 89.3108487715
6.04918147441 8.29841757101 89.3068670195
6.04928551084 8.30696072987 89.2918354354
6.05412642068 8.67962099678 89.2187428608
6.05459878314 8.71418735286 89.2121545453
6.05508074726 8.74872978264 89.1988668205
6.05580838281 8.80072087842 89.1961180038
6.05630055486 8.83552581475 89.1824046864
6.05654538882 8.85268239961 89.182452665
6.05679393686 8.87009825487 89.1821901325
6.05691637457 8.87867655921 89.181855912
6.06279134041 9.2755418295 89.2940958208
6.06308812824 9.2983905693 88.7897873448
6.06321702686 9.3027190192 87.6080725527
6.06321707457 9.30271897031 87.6080280031
6.06321653352 9.302718561 87.6078974666
6.06321653165 9.30271851166 87.6078522644
6.06321647787 9.30271847772 87.6078210484
6.06321721801 9.30272623998 87.3472137089
6.06316077295 9.30222486001 57.1644850093
6.06317054982 9.30222622037 52.157584386
6.06351750082 9.30259147755 45.6851541116
6.06377353925 9.30283751088 43.0314927747
6.06401999089 9.30304738126 39.1483644451
6.06414414708 9.30313884722 36.6072781433
6.06447905301 9.30337094435 33.9338203809
6.06465232968 9.30348247248 32.6149575197
6.06483339169 9.30359313714 31.2561011099
6.06538215342 9.3038940688 27.2609761859
6.07400300097 9.3037550251 -28.5191849572
6.07486723588 9.30320819634 -35.1558164962
6.07563164713 9.30259158222 -41.8142850515
6.07574994538 9.30247479265 -45.6412669313
6.07574800602 9.30247451792 -46.8824884757
6.0757465931 9.30247354693 -48.1617115578
6.07574550205 9.30247223273 -49.403549483
6.07584865735 9.3022433406 -70.6747413117
6.07623630493 9.29928795048 -97.6278878683
6.07654250957 9.3014338066 -98.6095593939
6.07654251814 9.30143380849 -98.6095569937
6.07654251819 9.3014338085 -98.6095569889
6.07654251823 9.30143380851 -98.6095569849
6.07648225006 9.30103754791 -98.6424296943
6.07643372689 9.30071842002 -98.6454983011
6.076334624 9.30006670464 -98.6500663682
6.0696534201 9.25633318599 -98.6946452549
6.06813941392 9.24643208036 -98.6970097755
6.06693173126 9.23853869205 -98.7027433822
6.06540439791 9.22857831901 -98.7302936557
6.06480330448 9.22466442768 -98.7324131833
6.06449371671 9.22264888546 -98.733326549
6.06417336392 9.22056298958 -98.732001989
6.06381854699 9.21825376865 -98.7393258833
6.02412616131 8.99563135465 -100.437244227
6.01781510272 8.96137297062 -100.43854238
6.01310760555 8.93579349303 -100.359158946
6.01005126515 8.91890127029 -100.109803394
6.00416832517 8.88467376087 -99.3910322392
6.00006705444 8.85908322168 -98.8203920414
5.99877003456 8.8506307131 -98.631524846
5.99622227746 8.83345548167 -98.2488546803
5.99382201604 8.81650882438 -97.8806819181
5.96665918525 8.51497611562 -93.9626143905
5.96306276566 8.46313037477 -93.969512654
5.95946411328 8.41127133577 -93.973434087
5.9564542831 8.36798351399 -93.9801976056
5.95585856564 8.35942533993 -93.9803385737
5.95526314283 8.3508672805 -93.9804362083
5.95405435107 8.33349216947 -93.9805439251
5.95345886516 8.32493425516 -93.980600744
5.95225036388 8.30756788087 -93.984701704
5.90991650735 7.99764320177 -105.327485322
5.89731238086 7.95588605688 -108.291160568
5.88260066529 7.91485346107 -111.143969517
5.86576000114 7.87435815412 -114.00648701
5.84695270191 7.83480324793 -116.89749916
5.81259569989 7.7738400944 -122.38603068
5.67705013807 7.63653557255 -147.166329315
5.46101147314 7.56635688332 -176.805748622
5.42560371406 7.56559871876 179.44820806
5.39061195484 7.56677981442 176.93180517
5.37320088762 7.56782691 176.248845151
5.3572655492 7.56890230415 176.209502093
5.33203241716 7.57053135536 176.320406274
5.323212026 7.57109857252 176.320282526
5.28870804652 7.57331815709 176.319133142
4.9170908522 7.59749463588 176.233592746
4.87376832932 7.60034683525 176.231049241
4.84787349556 7.60205619723 176.210273666
4.81337288743 7.60434153512 176.210246085
4.80455351641 7.60492573051 176.210117831
4.78743282273 7.60605972855 176.209416235
4.77005334703 7.60721120946 176.208427156
4.76149464476 7.60777846041 176.206675929
4.43300131223 7.62980407125 176.115992229
4.38968613416 7.63274485633 176.115938434
4.35518931968 7.63508716133 176.113920892
4.33784279024 7.63626641664 176.099260375
4.29480157686 7.63920535104 176.093783108
4.27742426741 7.64039190982 176.093342719
4.24292954818 7.64274809119 176.088614483
4.2255914037 7.64393643245 176.072478779
3.88000298 7.66785090748 176.002968184
3.83669397175 7.67087727908 176.000755337
3.7415561206 7.67755615203 175.977551843
3.72444287119 7.67875994432 175.972925627
3.71565706583 7.67937918564 175.960026287
3.70710467941 7.67998366146 175.958066227
3.68972946435 7.68121143325 175.958223781
3.6726145454 7.68242077708 175.958082511
3.66379774996 7.68304378693 175.957906348
3.34418906201 7.705846475 175.886666131
3.26644347955 7.71145233392 175.866319865
3.24051461037 7.71332602394 175.865725175
3.1972390454 7.71645595311 175.852361901
3.18012665581 7.7176971358 175.851873401
3.16275452052 7.7189570619 175.851805531
3.15419829458 7.71957734977 175.851713451
3.13682619809 7.72083731296 175.851205085
3.1282688205 7.72145813764 175.850486128
2.73946065752 7.74986659972 175.79381511
2.6788188156 7.75432894424 175.779481749
2.64433663557 7.75687366205 175.779329404
2.61841017451 7.75878700425 175.778549136
2.56658495747 7.76261647516 175.764762304
2.55802907451 7.76325006561 175.764849301
2.5147329341 7.76645631372 175.763952849
2.48880810926 7.76837662284 175.762522417
2.08267575203 7.79870210738 175.705094265
2.03085459906 7.80260203262 175.692040685
1.98782080447 7.80584383964 175.690368028
1.92718857521 7.81042106245 175.677493758
1.91007990176 7.81171424025 175.677296951
1.89271089388 7.81302712144 175.676474963
1.88415565671 7.81367379771 175.675828936
1.54717528712 7.82936351075 179.246550824
1.50376348024 7.829934906 179.245876098
1.46919100438 7.8303899093 179.244701317
1.4083875046 7.83120251772 179.229557385
1.39980956983 7.83131787359 179.229455139
1.39123170706 7.83143324089 179.229334301
1.37381571337 7.83166730595 179.22859913
1.35639414565 7.83190231433 179.22101926
1.34783803641 7.83201972252 179.203634089
1.33927009204 7.83213931422 179.199332448
1.02741999446 7.83662911188 179.143791153
0.992587256847 7.83715006688 179.14324934
0.923469027745 7.83818719941 179.128194118
0.906052059153 7.83845223664 179.127857199
0.880058742651 7.83884825131 179.127545713
0.854065673945 7.83924386622 179.126956029
0.845487059993 7.8393746527 179.126204523
0.828094377412 7.83964092736 179.113773346
0.464270595211 7.84546225874 179.042991637
0.438277986863 7.8458965463 179.042258326
0.386315037777 7.84677297804 179.027875599
0.334329984052 7.84765534551 179.026877693
0.316918799267 7.84795143922 179.021862751
0.30836087223 7.8480982238 179.012931234
0.29978328991 7.8482458876 179.012254085
0.2909449165 7.84839825707 179.01206845
0.117857426285 7.85140916693 178.994606662
-0.0814524084427 7.85500172027 178.94650861
-0.0988676651086 7.85532318038 178.930730491
-0.124833345698 7.8558126365 178.917370129
-0.159402380469 7.85646624117 178.916973102
-0.219938516093 7.85761946193 178.888768108
-0.245930994649 7.85812366122 178.88847
-0.254767962187 7.85829511039 178.888380981
-0.583749243447 7.86481898962 178.841328381
-0.635707708895 7.86587455875 178.826616082
-0.661699532013 7.86640723105 178.826250743
-0.687689986414 7.86693949958 178.825915596
-0.705104290781 7.86729648117 178.825194901
-0.74848583146 7.86819254827 178.810923445
-0.765639523591 7.8685481725 178.810519202
-1.12085148418 7.87624128941 178.717615454
-1.15539422502 7.87701879844 178.704256746
-1.20737404629 7.87819481266 178.703521601
-1.22478778871 7.87858906199 178.702630461
-1.25075305888 7.87917970072 178.688622889
-1.25933068272 7.87937584779 178.68838781
-1.27674435574 7.87977458208 178.688143806
-1.29415730505 7.88017359541 178.687935589
-1.3027336908 7.8803700282 178.687818758
-1.32014646696 7.88076861927 178.687415447
-1.65791699596 7.88867748861 178.628637811
-1.7010562182 7.88971139274 178.625710534
-1.75303925289 7.89095910373 178.616569725
-1.82239847654 7.89265591356 178.596447861
-1.83097451934 7.89286602628 178.596268055
-1.84838790613 7.8932928506 178.595080463
-1.85696277141 7.893503139 178.592566971
-1.86577699342 7.89372013785 178.582722691
-2.03025870818 7.89781272669 178.564918363
-2.22954065428 7.90286324257 178.534220834
-2.28149244612 7.90419403173 178.52049864
-2.30748085055 7.90486560111 178.519321207
-2.35945591538 7.90620931998 178.518382815
-2.37660474055 7.90665317639 178.514201996
-2.39399475979 7.90710559311 178.503848975
-2.41140798439 7.90756045334 178.503474971
-2.74032501624 7.91636426154 178.435515983
-2.80110884641 7.91802639979 178.421300589
-2.89621427762 7.9206494586 178.413846889
-2.93101947619 7.92161754902 178.405114218
-2.96558081932 7.92257991582 178.404703976
-3.31189220336 7.9324815903 178.308702537
-3.32928081659 7.93299722751 178.299076234
-3.35526658025 7.93376889547 178.298808426
-3.38125090431 7.93454066097 178.298473646
-3.39866127602 7.93505794359 178.297644186
-3.4072371525 7.93531273378 178.296243664
-3.42462146824 7.93583161063 178.284511839
-3.43319737539 7.93608827649 178.28421818
-3.45060798925 7.93660979246 178.283991295
-3.45918301997 7.93686696706 178.283884817
-3.47659254337 7.93738858128 178.283676629
-3.49374216142 7.93790219572 178.283311022
-3.83145399735 7.94819051603 178.227525868
-3.8922478367 7.95007666142 178.222221058
-3.9613410759 7.95222785975 178.206960299
-3.97875044505 7.95277287391 178.206728668
-4.0047336625 7.95358641439 178.206349378
-4.02214385548 7.95413148066 178.204803026
-4.03072282898 7.95440046571 178.199634158
-4.03927963316 7.95467043549 178.183313108
-4.05667534814 7.95522370423 178.177273299
-4.36839199335 7.96527040512 178.124804288
-4.41178289952 7.96669116732 178.124288304
-4.42893113752 7.96725275706 178.123864976
-4.48087271495 7.96896140999 178.109427945
-4.50685488638 7.96981935955 178.10914073
-4.53283673774 7.97067688776 178.1085999
-4.54167144165 7.97096869823 178.107900512
-4.90531111644 7.98329860029 178.005282826
-4.95727281971 7.98510866526 178.003496858
-5.00920983044 7.98692782611 177.990658861
-5.0351898873 7.98783935147 177.990334394
-5.0437632198 7.98813990107 177.990170372
-5.06974121785 7.98905192454 177.986018362
-5.08712647257 7.98966527382 177.97558503
-5.095700842 7.98996833338 177.975418826
-5.13025466142 7.99119016643 177.975021089
-5.51128168149 8.00485102849 177.914400941
-5.58064912163 8.00737765384 177.910442075
-5.59776638595 8.00800549178 177.885328785
-5.61517284876 8.00864834623 177.884699504
-5.63257878802 8.00929122504 177.884534083
-5.6411516299 8.00960815373 177.88444967
-5.64972444018 8.00992485061 177.884345859
-5.66712768138 8.01056156305 177.967499141
-5.67569855902 8.01085331365 178.13764716
-5.98732352392 8.01035245925 -179.46424331
-6.03071034161 8.00994082003 -179.450949695
-6.05670572255 8.00969165607 -179.450541094
-6.08270034477 8.00944208068 -179.449801216
-6.10868737392 8.00919195345 -179.444015076
-6.12608667832 8.00902100311 -179.436078937
-6.15208291318 8.00876511488 -179.435702416
-6.17807743305 8.00850886683 -179.435138205
-6.55048493318 8.00465095952 -179.376857474
-6.57647984681 8.00436817104 -179.376441735
-6.6024741892 8.00408496758 -179.375653425
-6.61989434696 8.003894755 -179.371580589
-6.64585699191 8.00360377122 -179.352141973
-6.6804307463 8.00321269051 -179.351595223
-6.69784671537 8.00301544468 -179.351158168
-7.05283039997 7.99882195599 -179.292820509
-7.11365843122 7.99807034649 -179.291633673
-7.14821354935 7.99764195652 -179.281993127
-7.16562190772 7.9974226013 -179.277951406
-7.18277896646 7.99720651723 -179.277715357
-7.19161699241 7.99709503689 -179.277573667
-7.20019493614 7.99698676709 -179.277419262
-7.20877281785 7.99687852083 -179.277228533
-7.22618885319 7.99665862915 -179.276558709
-7.38210434255 7.99464995513 -179.248516856
-7.56401758271 7.99223188731 -179.211611308
-7.62457680333 7.99139447709 -179.207189652
-7.65057140212 7.99103443163 -179.205661726
-7.65940700749 7.99091177858 -179.203911612
-7.67653827918 7.99067160818 -179.19321384
-7.69395559726 7.99042630316 -179.192928162
-7.70253366528 7.99030548326 -179.192800784
-7.7113714788 7.99018095549 -179.192653259
-7.72852694662 7.9899390782 -179.192290001
-7.98579507396 7.9854247002 -175.573440115
-7.99523190298 7.98437027307 -171.652872109
-7.9952323443 7.98437027441 -171.652784448
-7.99523234353 7.98437027302 -171.652783986
-7.99527704809 7.98436403107 -171.719932403
-7.99533430283 7.98435621998 -171.982751252
-7.99536334004 7.98435245358 -172.17029199
-7.99541557557 7.98434583134 -172.548477654
-7.9952740882 7.98433463646 171.117330574
-7.99734614608 7.98579380167 136.57966155
-7.99841379055 7.9870295178 126.09137041
-7.99923753508 7.98843831475 115.603788864
-7.99936971092 7.98873438338 113.532004869
-7.99949743631 7.98904997424 111.467124016
-7.99962604414 7.98940323924 109.350306741
-8.00000556182 7.99095537593 98.9436192787
-7.99152397833 8.00114465819 4.07044519312
-7.9910959321 8.00117189474 3.62402466941
-7.99109586949 8.00117196525 3.62398293919
-7.99109578106 8.00117196576 3.623924003
-7.99109575245 8.00117196772 3.62390493402
-7.99105880575 8.00117380143 3.35260230456
-7.99101829666 8.00117568145 3.07709492714
-7.99089084439 8.00118036822 2.23164614369
-7.99080561093 8.00118247068 1.67315667403
-7.96200650263 7.99903393852 -4.36930165753
-7.92705415223 7.99637622534 -4.3047755362
-7.86672529649 7.99159363686 -4.71521422474
-7.83494453804 7.98894932488 -4.7629941838
-7.47326701046 7.95812809838 -4.93812282448
-7.41264711309 7.95288879805 -4.94694250596
-7.3697027151 7.94915960231 -4.97088930153
-7.36089712845 7.94839370007 -4.97117813022
-7.32645090998 7.94539734747 -4.97322002109
-7.31789844644 7.94465323948 -4.97614263048
-7.3005442609 7.94314109654 -4.98280372147
-7.29203140824 7.94239798696 -4.99792711122
-7.28330149912 7.94163846066 -4.93692238125
-7.10224079067 7.93226606652 -0.986836615735
-6.92044833124 7.93293013453 0.511549766192
-6.85990463976 7.93348517689 0.537174436902
-6.84248775912 7.93364848546 0.537462958631
-6.82533134314 7.93380954188 0.537833493703
-6.81649318717 7.93389256639 0.538111502953
-6.80791464999 7.93397320883 0.538547330311
-6.79049909138 7.93413729077 0.541122528434
-6.78194161728 7.93421862127 0.549952401571
-6.77336787616 7.93430127322 0.552339030486
-6.75594960762 7.93446923132 0.552641424503
-6.49604921655 7.93704938638 0.583758502857
-6.48747004419 7.93713684116 0.58459209062
-6.47007769173 7.93731532962 0.595363191756
-6.46150191229 7.9374045888 0.59688277943
-6.45266263564 7.93749684584 0.597045440907
-6.43550537522 7.93767549687 0.59729660005
-6.41808903611 7.93785727341 0.597608748611
-6.38351514493 7.93821837639 0.599423587364
-6.32271247476 7.93886501203 0.612215595157
-6.28813966343 7.93923493817 0.613362239391
-6.01085006264 7.94231774535 0.656361804279
-6.00227203032 7.9424160981 0.656532841947
-5.98485601192 7.94261583725 0.657055160831
-5.97627746787 7.94271429059 0.657568504749
-5.95886614358 7.94291437609 0.661415046814
-5.94173068016 7.94311438463 0.670615542764
-5.93289158845 7.94321789039 0.670760904693
-5.91573515065 7.94341797602 0.671191666184
-5.88974112479 7.94372270389 0.671726971602
-5.54306015881 7.94801054502 0.733612315717
-5.5085045422 7.94845755734 0.741936600011
-5.46509492296 7.94902015402 0.742947402422
-5.43054883519 7.94947028137 0.75591142597
-5.3959749066 7.94992669802 0.756674248026
-5.38713705671 7.95004355553 0.756822807695
-4.99799151411 7.93517962723 -11.2725264687
-4.95545455031 7.92559538179 -14.11536529
-4.91320057927 7.9138357184 -16.9779429535
-4.88002440362 7.90297756507 -19.2670118514
-4.85540760564 7.89394919234 -21.0013674228
-4.83904342482 7.88747642853 -22.1495764195
-4.79101685713 7.86622647671 -25.5746669114
-4.49112803244 7.62994886621 -50.8385079213
-4.45920233794 7.58825534385 -54.265830054
-4.42523302466 7.53740114613 -58.2469815042
-4.41175038748 7.51486582802 -59.9606059148
-4.39897432515 7.49197806877 -61.681578219
-4.39078328564 7.47640217219 -62.8296514204
-4.38686497975 7.46867147142 -63.3945316859
-4.37540745829 7.44512139104 -64.6403889216
-4.37173421931 7.43730413544 -65.0169255041
-4.30350608138 7.2580843384 -73.3332942139
-4.25433116657 7.01969064635 -81.5501118985
-4.24287373785 6.94259191635 -81.5344695999
-4.23904645502 6.91687709383 -81.5344523275
-4.23778354424 6.90839188539 -81.5343718155
-4.23521944649 6.89116478887 -81.5341725076
-4.23265516553 6.87393761612 -81.533766582
-4.23139200384 6.8654522752 -81.5333750172
-4.20330215001 6.67704183253 -81.5128887471
-4.17384014238 6.47989877213 -81.4915683229
-4.16356886518 6.4112821743 -81.4811683777
-4.15971791654 6.38557304886 -81.4809279307
-4.15844693531 6.37708932269 -81.4808138071
-4.15586649534 6.35986414623 -81.4802118241
-4.15074638095 6.32570098349 -81.4703881919
-4.12374158896 6.14577135108 -81.4582546238
-4.09408769583 5.94865729645 -81.437185389
-4.08378776558 5.88030794333 -81.4273424578
-4.07991241564 5.85460303033 -81.426881732
-4.07731585396 5.83738033931 -81.4260842741
-4.07603798478 5.82888505768 -81.4626599848
-4.07350684626 5.8117517775 -81.7756103257
-4.07229280581 5.8032473892 -81.9716241294
-4.07107053431 5.79447007729 -82.1685933372
-4.04024030201 5.51877352725 -85.9983464035
-4.03714251922 5.46677019191 -87.1710008115
-4.03535786218 5.42330052241 -88.1143318135
-4.03508947988 5.41470564069 -88.3056775697
-4.03463347236 5.39725774352 -88.6981195536
-4.0344529577 5.38866429374 -88.8917657901
-4.03408098419 5.36259566431 -89.4676730973
-4.03401393495 5.35372987718 -89.6625371807
-4.0339776476 5.34512503306 -89.8514513322
-4.03671310843 5.05067386386 -90.6189502032
-4.03709067978 5.01582431017 -90.6274425461
-4.03737605376 4.98983118917 -90.63129276
-4.03766865436 4.96388384079 -90.6525512508
-4.0379649775 4.93788898831 -90.6537587492
-4.03806286392 4.92930961287 -90.654629795
-4.03826268586 4.91187799346 -90.6617906138
-4.03866379936 4.87733750374 -90.6791318799
-4.04285607605 4.54810516806 -90.7897671432
-4.04333309343 4.51353162165 -90.7920041864
-4.04405887598 4.46156715763 -90.8186732202
-4.04430889191 4.44416260671 -90.8240507793
-4.04455586022 4.42700675281 -90.8247620646
-4.04480652933 4.40958898084 -90.8262298302
-4.04493035595 4.40100353648 -90.8297705696
-4.04505875607 4.39215828115 -90.8332916073
-4.05002098442 4.07175370023 -90.9350617487
-4.05059020195 4.03723307653 -90.9584213983
-4.05102479632 4.01123942222 -90.9584447835
-4.05146008704 3.98524017225 -90.9617816843
-4.0517528324 3.96782024376 -90.9646189284
-4.05189727264 3.95924301594 -90.9654745578
-4.05278423664 3.9072974896 -90.9822950217
-4.0579516641 3.61261658676 -91.0303870185
-4.05857344932 3.57804534433 -91.0316424874
-4.05935602382 3.53464314131 -91.0369396915
-4.06014210826 3.49151467325 -91.0453200972
-4.06077844537 3.45668215643 -91.0476483712
-4.06093514101 3.44810395836 -91.0483344343
-4.06125401352 3.43069703965 -91.0520547788
-4.06141184978 3.42213814114 -91.0599966427
-4.06173415208 3.40472320895 -91.0600632759
-4.06189256344 3.39614580787 -91.0601171941
-4.0674419387 3.10172469088 -91.1056372546
-4.06827966763 3.05831634707 -91.1069946331
-4.06911940879 3.01491947708 -91.1138854999
-4.06945428292 2.99778044618 -91.1205532952
-4.07030331957 2.95437239778 -91.1219468802
-4.07064458384 2.93695696021 -91.1230879591
-4.07081254085 2.92837909804 -91.1237019944
-4.07115423745 2.9109767377 -91.1289062554
-4.07708876073 2.6165518181 -91.1809428012
-4.07799102506 2.57318684413 -91.198371168
-4.07834957333 2.5560329718 -91.1986505608
-4.0790791844 2.52120223817 -91.2010664613
-4.07962422577 2.49522649199 -91.2083857515
-4.08017409077 2.46924567087 -91.212787807
-4.08145744603 2.4086827363 -91.2163696517
-4.08163956558 2.40010678262 -91.217337746
-4.08879637331 2.07090328073 -91.2741600079
-4.09130589992 1.95838842795 -91.2890140065
-4.09150447444 1.94955164151 -91.2889965627
-4.09189043393 1.93239833985 -91.2893371373
-4.0920894143 1.92356104612 -91.2898724024
-4.0924759786 1.90640619674 -91.2910733101
-4.09267503994 1.89756878462 -91.2917963896
-4.09306185741 1.88041702972 -91.2933013749
-4.09675662096 1.72448016286 -91.8545847273
-4.11612983439 1.54222522771 -101.981764686
-4.12672020864 1.49949950949 -105.959647754
-4.13462166986 1.47426818729 -108.806672721
-4.1470549459 1.4413872572 -112.600015892
-4.16569686775 1.40139740689 -117.381012376
-4.17841355048 1.37829199223 -120.185165949
-4.18751786608 1.36311753 -121.660055442
-4.36698202055 1.10749460557 -126.470442246
-4.3929455071 1.07300822223 -127.474889885
-4.40888990433 1.05248550684 -128.323914082
-4.43087130206 1.02547313538 -129.942437653
-4.44205031402 1.01230204238 -130.696114928
-4.46527465742 0.986019119827 -132.227247328
-4.79259319377 0.728125227091 -153.095527992
-4.85605802942 0.699033680378 -157.637242559
-4.89679902935 0.683142409173 -159.650662212
-4.92141914848 0.674290069399 -160.785990117
-4.93790734751 0.66866091497 -161.507274287
-4.954216464 0.663319568428 -162.217925496
-4.96264387799 0.660646352835 -162.584498985
-4.97905124564 0.655612371636 -163.295544844
-4.98752780523 0.653098578065 -163.661705007
-5.13147494215 0.619411969217 -170.016057866
-5.34897880469 0.603699250855 177.268646861
-5.40132738546 0.607763380437 173.861246302
-5.44447601085 0.613352473359 171.577133641
-5.5047998215 0.623735899254 168.890754319
-5.52172967014 0.6271771089 168.137263688
-5.53043272997 0.629036601888 167.748976042
-5.5472904444 0.632814442016 166.994898175
-5.85793110963 0.745522056082 154.631333411
-5.89713453162 0.764513451227 153.677946827
-5.94361506089 0.788063962793 152.701887676
-5.95886060212 0.795934514093 152.694517247
-5.99743543378 0.815849293872 152.692930018
-6.02049890128 0.827762021568 152.671678938
-6.02812093598 0.831700902542 152.671192266
-6.04359512638 0.839697695494 152.670531398
-6.05906819626 0.847694054589 152.670140132
-6.32816269664 0.986976932111 152.598983737
-6.33600956848 0.991044540324 152.598796972
-6.3512413714 0.998940356801 152.598314851
-6.36670428417 1.006956076 152.597130225
-6.37431639902 1.01090239907 152.593039269
-6.38974830135 1.01890800167 152.576397945
-6.39736394864 1.02285956122 152.576448395
-6.4204392651 1.03483266753 152.576267896
-6.45135832661 1.05087597404 152.575191219
-6.48962628887 1.07074281578 152.553836685
-6.52815329013 1.09075277286 152.553222315
-6.82024911106 1.24271381026 152.484518557
-6.87393018968 1.27069414424 152.463217083
-6.92003097002 1.29473066456 152.460940794
-6.93544169408 1.3027689969 152.441328487
-6.95065283304 1.31070748306 152.440792779
-6.95848896783 1.31479698367 152.440771672
-6.98154703061 1.3268619735 152.254257817
-7.1249152612 1.4088943201 147.378135986
-7.27830449523 1.52371755359 138.994641225
-7.31070179158 1.55286299974 137.031994593
-7.32964253941 1.57086454625 135.895693244
-7.38435630839 1.62717102859 132.466936545
-7.3901562676 1.63354506411 132.08254876
-7.39608489642 1.64015632526 131.689129987
-7.4074896633 1.653134039 130.935894842
-7.58304355223 1.9125432702 117.25690583
-7.60979920342 1.96760402734 114.584987046
-7.62373733516 1.99960869493 112.412797856
-7.63942682692 2.04052815129 109.551724564
-7.64506555915 2.05692132302 108.422355309
-7.65045786269 2.07367254591 107.275753741
-7.65787940703 2.09886518749 105.56379821
-7.66016262857 2.10722441185 104.999414282
-7.67155456808 2.51477096892 78.2187697353
-7.66152659072 2.55748264797 75.3613388677
-7.64119343248 2.62430606603 70.8027799704
-7.6352403306 2.64086332916 69.6511775032
-7.63220937862 2.64895621008 69.0702176188
-7.62246471939 2.67331493869 67.3444344181
-7.61552267661 2.68948470484 66.1968276759
-7.61198562623 2.6973968175 65.6312441018
-7.43483752332 2.97587297153 54.1481841906
-7.40940995958 3.01106130136 54.1472111011
-7.38415352711 3.04600420038 54.1324117053
-7.34350657456 3.10223893421 54.1406213021
-7.32829748897 3.12327691453 54.1256538499
-7.31810187136 3.13737620344 54.1332461388
-7.30805271352 3.15127645602 54.1351187191
-7.30287414952 3.15843958394 54.1350209332
-7.08473157916 3.4602543289 54.1445538528
-7.05932017371 3.49542516151 54.1539558172
-7.0340500998 3.53040411929 54.1543595364
-7.01366998054 3.55861197661 54.1580856783
-6.9832276615 3.60075731172 54.1589019091
-6.95796850377 3.63572488718 54.155591901
-6.94778303764 3.64982743919 54.1637241152
-6.72500841746 3.938326561 48.7351662414
-6.684081018 3.98339535263 46.524804922
-6.64731337051 4.0206525918 44.2401560429
-6.60911744183 4.05638343476 41.9411450048
-6.59599397989 4.06801649604 41.1763456092
-6.58271686563 4.07947318589 40.4115824844
-6.57612818257 4.0850453633 40.0380199245
-6.56264122881 4.09622480544 39.2800370262
-6.40340753584 4.20333796678 27.7766732826
-6.19933302981 4.28024118919 13.5902414494
-6.14833557238 4.29144773299 11.2577199573
-6.10533045989 4.29926415949 9.35235723243
-6.08800729365 4.30199788794 8.59014271864
-6.07093476466 4.30446553794 7.85620171636
-6.05354445184 4.3067457492 7.09139923378
-6.04496898843 4.30778339184 6.71471956531
-6.02753890051 4.30971649326 5.94988560645
-5.64528807797 4.31492106932 -3.43287001655
-5.55866261049 4.30827850776 -5.33722541079
-5.5153807722 4.30386500473 -6.31608674258
-5.47236965476 4.29873987482 -7.27013216048
-5.45504011277 4.29646969449 -7.65301672812
-5.44651063339 4.29530903474 -7.84152342301
-5.42920631709 4.29286637574 -8.22507579602
-5.40346061634 4.28900727549 -8.821047567
-5.38619864339 4.28626885916 -9.20371748746
-5.04798340063 4.20775802621 -16.9565532461
-4.98173258957 4.18657757477 -18.5308271299
-4.91625203937 4.16365572275 -20.0486200009
-4.89986172899 4.15761144681 -20.4366677742
-4.89181970967 4.15459869214 -20.634319389
-4.87555615565 4.14840561676 -21.0489112209
-4.85926604336 4.14207331745 -21.4315495681
-4.55306353155 3.99676437382 -31.1472123211
-4.50183739165 3.96330901899 -35.1383986499
-4.47373504494 3.94267923359 -37.4331894279
-4.45987123375 3.93184267286 -38.5807602586
-4.41982806767 3.89788626178 -42.0001393291
-4.41341873777 3.89205686021 -42.5643215906
-4.40057881191 3.88002305366 -43.7130077648
-4.38798889802 3.86774037936 -44.8640867911
-4.37585219967 3.85541379339 -46.0091900536
-4.20520461878 3.56258604912 -70.6764659592
-4.19144745884 3.52114819503 -72.5787850017
-4.16813415522 3.43718525891 -76.3783280977
-4.16223097918 3.41171616455 -77.520444425
-4.15855649324 3.39456702466 -78.284856403
-4.15349909145 3.36888598 -79.4263941119
-4.15039724653 3.35162589455 -80.1913679797
-4.13137505832 3.0633490412 -87.0580466164
-4.13117386444 3.05926897506 -87.2861941308
-4.13069744257 3.04547621671 -88.7760166512
-4.13056662113 3.03925448156 -88.8242371896
-4.13024656404 3.02613888152 -88.4349264768
-4.13011350105 3.02128409132 -88.4304405425
-4.12981531323 3.01061711206 -88.3874316001
-4.12948079944 2.99875877149 -88.3850475525
-4.12930911151 2.99266894116 -88.3850884552
-4.1229712283 2.72643725442 -88.6088903192
-4.12150020241 2.66588335115 -88.6076361947
-4.12043642561 2.62251215101 -88.5840624767
-4.11979399986 2.5965230229 -88.5838340519
-4.11850810326 2.54454887716 -88.5812581906
-4.11786138344 2.518585666 -88.5702456154
-4.11742676099 2.50117278395 -88.57013134
-4.1172126878 2.49259674569 -88.5700064112
-4.1095381123 2.18939657915 -88.5283132153
-4.10798129972 2.12884832134 -88.524832388
-4.1064122314 2.06832048911 -88.5138530589
-4.10550824857 2.03349617358 -88.5119087385
-4.1050624406 2.01636931353 -88.5018274233
-4.10483113278 2.00753675557 -88.5000936027
-4.10438211677 1.99038374217 -88.500014819
-4.10392600703 1.97297217543 -88.4997686606
-4.09681334523 1.7046020776 -88.4585564282
-4.09494496355 1.63521810818 -88.4561246712
-4.09424351392 1.60923199867 -88.4478499265
-4.09401089693 1.60068698571 -88.4352755059
-4.09330048185 1.57470093323 -88.4340228877
-4.0930589308 1.56586544197 -88.4338975404
-4.09258992359 1.54871460018 -88.4335646693
-4.09234825417 1.53987934906 -88.4333150861
-4.09211363231 1.53130368353 -88.4329120433
-4.08540270967 1.28892866731 -88.392442257
-4.08515467293 1.28009353671 -88.3919013771
-4.08467318148 1.26294151758 -88.3918506903
-4.08418418631 1.24553094187 -88.3915882871
-4.08394334428 1.23695573681 -88.3914053412
-4.08345422247 1.21954508652 -88.3907203446
-4.08321324482 1.21096882923 -88.3899666551
-4.08248214347 1.18501045122 -88.3782383843
-4.08125288473 1.14161299592 -88.3773825509
-4.08075954441 1.12420280846 -88.3769370978
-4.08002286793 1.09821655616 -88.3753355344
-4.06978061047 0.743358757678 -88.3210512887
-4.0682564506 0.691387748197 -88.3190381507
-4.06749297467 0.665431078282 -88.3072481729
-4.06723169982 0.656595570475 -88.307002243
-4.06672490854 0.639444486275 -88.306934556
-4.06621010149 0.622034727388 -88.3066593835
-4.06131726366 0.457604399751 -88.278947273
-4.05582813256 0.275736489385 -88.2624377054
-4.0547688134 0.240945312708 -88.25050799
-4.05345180724 0.1978114754 -88.2497442977
-4.05291956885 0.180401777979 -88.2489044292
-4.05265728106 0.171826095495 -88.2479559548
-4.05212419471 0.154436499006 -88.2344334247
-4.05105540729 0.11989253663 -88.2275408305
-4.04019862651 -0.226650376916 -88.1846181126
-4.03882933783 -0.269755273684 -88.1715480943
-4.03717003457 -0.321722565057 -88.1708549983
-4.03633989316 -0.347706854368 -88.169174469
-4.03578348972 -0.365093453096 -88.160377157
-4.03550786176 -0.373661452485 -88.1574551436
-4.03494789784 -0.391071402214 -88.1573718118
-4.02424420135 -0.720192416975 -88.1149896518
-4.02282403296 -0.763323631942 -88.1129419191
-4.02167349149 -0.798112399612 -88.101215223
-4.02081194115 -0.824094930238 -88.1009453102
-4.02024323259 -0.841242693538 -88.1005512981
-4.01908808599 -0.876055117113 -88.0973948231
-4.01822209271 -0.90201423104 -88.0872033616
-4.00653576576 -1.24826970312 -88.0444736729
-4.00564818137 -1.2742515207 -88.0431218657
-4.00446295885 -1.30877038517 -88.0225007573
-4.00266849825 -1.36073268062 -88.0217362107
-4.00177065442 -1.38671412028 -88.0200947647
-4.00146549707 -1.39554103084 -88.0173769625
-4.00087053465 -1.41266807403 -88.0086328093
-4.00056336775 -1.42150225829 -88.0086240105
-3.98932384742 -1.74176168158 -87.9667461686
-3.98685999959 -1.81111885737 -87.9607712221
-3.9856259599 -1.8456550104 -87.9528063118
-3.98376780442 -1.897615048 -87.9508644861
-3.98346108722 -1.90618734004 -87.95055769
-3.98283766428 -1.92356660625 -87.9392155923
-3.98221124705 -1.94097401947 -87.9388902523
-3.98159406569 -1.95812078425 -87.9387084917
-3.97595968013 -2.11396998979 -87.922621484
-3.96867189158 -2.31317775329 -87.8949756819
-3.96739923538 -2.3477016759 -87.8831331136
-3.96579540797 -2.39108647274 -87.8826099618
-3.96515745111 -2.4085098281 -87.9695226153
-3.96486402985 -2.41712689218 -88.1403115443
-3.96435975354 -2.43454176923 -88.5654474827
-3.9639550518 -2.46926940574 -90.295907554
-4.02361066793 -2.7847767942 -111.13888611
-4.04775150032 -2.84115459376 -115.201846401
-4.08885532128 -2.91823948581 -120.940021973
-4.09805478553 -2.93324065597 -122.08807723
-4.10740924527 -2.94783487136 -123.219458675
-4.11719902328 -2.96245878958 -124.368289661
-4.1322334461 -2.98390413015 -125.61789282
-4.1424671315 -2.9980419924 -126.12561134
-4.24946297819 -3.13472905781 -129.958264221
-4.40119240495 -3.31281103322 -130.453091016
-4.41804707158 -3.33257885056 -130.453174493
-4.446199091 -3.36560279338 -130.446078231
-4.45749795307 -3.37885731742 -130.44583764
-4.46862787924 -3.39191388399 -130.445514283
-4.47436153909 -3.39864025885 -130.445289264
-4.4854792657 -3.41168319899 -130.445181015
-4.76638210375 -3.74144305032 -130.408037371
-4.79452398466 -3.77450032272 -130.407628527
-4.82248004429 -3.807340711 -130.40527355
-4.83376043207 -3.82059456887 -130.400581797
-4.83932095772 -3.82712801245 -130.400556565
-4.85060972776 -3.84039198595 -130.400409857
-4.85616966324 -3.84692478534 -130.400298966
-4.86745773361 -3.86018815371 -130.400026819
-5.10317093733 -4.13728815636 -130.370939146
-5.12556641894 -4.16362982562 -130.370644105
-5.15368191318 -4.19670063204 -130.37086703
-5.20416935319 -4.25609861125 -130.362937667
-5.22654028436 -4.28241982963 -130.358596691
-5.23781449302 -4.2956874114 -130.35612724
-5.24909330438 -4.30896051935 -130.356034036
-5.26020310385 -4.3220348029 -130.355825208
-5.46780157797 -4.56644489019 -130.333434337
-5.49570880309 -4.59931439286 -130.327788457
-5.52380178437 -4.63240936167 -130.326276652
-5.54616177604 -4.65876043484 -130.239617312
-5.56841057267 -4.68530030005 -129.627710817
-5.57927323208 -4.69850681186 -129.251682215
-5.58483476179 -4.70533739748 -129.057516453
-5.59556410625 -4.71864995318 -128.680884855
-5.60636586395 -4.73223556423 -128.298653333
-5.79720902135 -5.00900848583 -120.574717782
-5.83457293316 -5.07679938288 -117.167410691
-5.87468738421 -5.16255668059 -112.986490093
-5.87798847049 -5.17041178666 -112.609505668
-5.89688067563 -5.2184616624 -110.325483097
-5.96901882768 -5.51897336961 -96.7228223144
-5.97467433276 -5.57887110932 -94.0687028543
-5.97704153369 -5.62203298648 -92.2276481158
-5.97789500944 -5.6909749018 -89.1923422691
-5.97754391283 -5.70798941329 -88.4468373354
-5.94316262886 -5.97239508168 -76.6688371963
-5.93462772891 -6.00556101422 -74.445903191
-5.92206607093 -6.04672013363 -71.6059862729
-5.91359091945 -6.0709754875 -69.8850927782
-5.90759247491 -6.08686189971 -68.7547149634
-5.90118408689 -6.10286382062 -67.6069579696
-5.89445594135 -6.11873500606 -66.4585151623
-5.89102531947 -6.1265020464 -65.8926871232
-5.88382813375 -6.14215984779 -64.7472818754
-5.88016662166 -6.14982208907 -64.1819836136
-5.87642956319 -6.15744874418 -63.6167349125
-5.74115796497 -6.35517051201 -47.6349139041
-5.71162687657 -6.38596633529 -44.7837742452
-5.68038540058 -6.41545595622 -41.9235272685
-5.66099739431 -6.43234915013 -40.2172435221
-5.6477223905 -6.44334608334 -39.0698966797
-5.6344485821 -6.45390187035 -37.9316321174
-5.62751951892 -6.45924461752 -37.349527066
-5.62074285463 -6.46436248116 -36.7842743847
-5.60684776622 -6.4745347639 -35.644328113
-5.59295031714 -6.48429247058 -34.514148718
-5.58571627367 -6.48921194224 -33.9319410032
-5.47396299626 -6.55284672543 -25.4991296863
-5.31405900854 -6.61657771004 -18.8109328655
-5.28945774891 -6.62495346125 -18.8021111727
-5.21566613139 -6.65008773625 -18.8085329742
-5.20729879517 -6.65293760514 -18.8089553154
-5.19105752256 -6.6584693869 -18.8092336136
-5.17459045578 -6.66407897836 -18.8179830222
-5.15810421266 -6.6696971735 -18.8178403335
-5.14186313823 -6.6752316484 -18.8180395659
-4.83020815083 -6.78147942501 -18.8321582004
-4.7810329058 -6.79787271539 -17.9087058197
-4.70673544015 -6.82065776857 -16.1946379812
-4.67360377038 -6.8300447813 -15.4437315619
-4.656856392 -6.8346108054 -15.0616668506
-4.64007915135 -6.8390650824 -14.6797617671
-4.63180573338 -6.84121754567 -14.491434966
-4.61499190889 -6.84550224485 -14.1072741989
-4.60669790499 -6.84757192947 -13.9199691234
-4.30940304398 -6.90352562324 -7.47360368249
-4.26665053459 -6.9087824758 -6.55651607507
-4.20623744934 -6.91562569422 -6.46496826336
-4.18041252357 -6.91855110049 -6.4635476927
-4.17188824715 -6.91951597553 -6.46398469758
-4.16336401159 -6.92048173371 -6.46410491471
-4.15458161231 -6.92147675783 -6.46417292662
-4.13753360152 -6.92340828886 -6.46426600929
-4.12875134695 -6.9244033409 -6.46435469929
-3.8793268288 -6.9527271395 -6.49195810688
-3.84471451291 -6.95666524745 -6.49300641645
-3.81888573697 -6.95960483131 -6.49319559255
-3.7672594046 -6.96548595185 -6.50268405492
-3.75021188735 -6.96742910718 -6.50301942998
-3.74143015169 -6.9684301122 -6.50306711675
-3.71560174422 -6.97137420898 -6.50317021972
-3.40575210678 -7.00661564499 -5.90914844312
-3.3799299695 -7.00916589377 -5.37485853472
-3.35409228989 -7.01146879993 -4.81659495467
-3.30226998476 -7.01534048336 -3.73556368508
-3.27633554732 -7.01694176933 -3.44876009859
-3.25038534878 -7.0185057662 -3.44956036396
-3.24182154374 -7.01902197965 -3.449981509
-2.9650236487 -7.03578368796 -3.48470584363
-2.93051100933 -7.03788545093 -3.48590535256
-2.89600017526 -7.03998774608 -3.48628415242
-2.8441296829 -7.04315389958 -3.49669154925
-2.83530647251 -7.04369302797 -3.49726217949
-2.81818002942 -7.04473973723 -3.49785711052
-2.80935783044 -7.04527897586 -3.49794420483
-2.80079521279 -7.04580236891 -3.49799723878
-2.79223263058 -7.04632575459 -3.49804266079
-2.50688580599 -7.06386854425 -3.53403944793
-2.47211930607 -7.06601571474 -3.53484386696
-2.45501887844 -7.06707351522 -3.54424913204
-2.41168579858 -7.06975774589 -3.54561331624
-2.39430159741 -7.07083488384 -3.54585225569
-2.38573942834 -7.07136543449 -3.54590261589
-2.37717730162 -7.07189597631 -3.54595177588
-2.35981282815 -7.07297237946 -3.55346049476
-2.34243502149 -7.07405134945 -3.55653873372
-2.03115824422 -7.09348020344 -3.59235324291
-2.00521250814 -7.09510906198 -3.59311225424
-1.96214348352 -7.09781373534 -3.59376967276
-1.9447826908 -7.09890461277 -3.60234479087
-1.9362250308 -7.09944257776 -3.6040327308
-1.92740259871 -7.09999831275 -3.60434647616
-1.91884074286 -7.10053757849 -3.60445121808
-1.91027877697 -7.10107684802 -3.60473699816
-1.63371585055 -7.11654358841 -1.44582823959
-1.59915285791 -7.11735996931 -1.34069878329
-1.57316173713 -7.11796845718 -1.34202566626
-1.54717468248 -7.11857730253 -1.34292722772
-1.52120950605 -7.11918888753 -1.35207200023
-1.51237239907 -7.11939749884 -1.35241098657
-1.49521805893 -7.11980268878 -1.35348207616
-1.46039085034 -7.12062594046 -1.35491778536
-1.17458243333 -7.12748618719 -1.39339562716
-1.14859296198 -7.12811849502 -1.39418098848
-1.10547779148 -7.12917127439 -1.40408086534
-1.08806303896 -7.12959836956 -1.40530769386
-1.07948694346 -7.12980867907 -1.40553541506
-1.0706499065 -7.13002548009 -1.40613409007
-1.05349663198 -7.13044658008 -1.40679632698
-1.01869555588 -7.13130185403 -1.41582842764
-0.724293365704 -7.13865420717 -1.44590166047
-0.70690635774 -7.13909390233 -1.45547871676
-0.672341223244 -7.13997273078 -1.45726592658
-0.654928406447 -7.14041563658 -1.45811357052
-0.637775655935 -7.14085228284 -1.45871179338
-0.628939858284 -7.14107726961 -1.45880843624
-0.611792907372 -7.14151404909 -1.46068823073
-0.585825768888 -7.1421789475 -1.46872290781
-0.274041970598 -7.15026441085 -1.50750242198
-0.248052363115 -7.15094874827 -1.50902385857
-0.230639402093 -7.1514075275 -1.50997509853
-0.204652809012 -7.15209248713 -1.51048588742
-0.18726727537 -7.15255197969 -1.52039096319
-0.17011558215 -7.15300726538 -1.52057666712
-0.161278739051 -7.15324193932 -1.52117646163
-0.126713298567 -7.15416027925 -1.52304456994
0.176412094893 -7.15492635732 1.53675956417
0.193563692997 -7.15446608079 1.53736167892
0.219563236283 -7.15376723918 1.54352107461
0.228399940616 -7.15352908006 1.54440929389
0.254387413775 -7.15282794464 1.5464340878
0.280334337301 -7.15212385374 1.56290126218
0.288909936991 -7.15188982928 1.56314824717
0.297485751095 -7.15165574974 1.56351179986
0.418824516818 -7.14831420111 1.59324554837
0.566147215359 -7.14417106442 1.62487951288
0.626662389618 -7.14244001804 1.64581731672
0.644078613953 -7.14193897684 1.64898576978
0.661229913091 -7.14144501968 1.65029966414
0.670064470679 -7.14119041618 1.65102172293
0.678633082712 -7.14094337332 1.65391959229
0.687179386357 -7.14069569968 1.66557639618
0.69601023117 -7.14043865563 1.66738744525
0.938408888064 -7.13327245701 1.72463952075
0.972973848098 -7.13223017519 1.72867124722
1.02490301157 -7.13065315214 1.74621577478
1.05088787374 -7.12986059068 1.74726091372
1.05972328803 -7.12959104473 1.7478049082
1.06829851769 -7.12932936285 1.74817824907
1.07687329794 -7.12906762037 1.74841190743
1.08570722881 -7.12879792599 1.74908643939
1.10281960534 -7.1282737208 1.76415276479
1.38002466643 -7.11967343432 1.79102274594
1.39743306098 -7.11912898701 1.79162841089
1.43196770991 -7.11804471233 1.80098303895
1.44937822549 -7.11749711269 1.80193467314
1.45795213327 -7.11722733915 1.80196986281
1.46652657689 -7.11695758641 1.80221930869
1.49251109946 -7.11613967217 1.80334243304
1.77826078977 -7.1070435269 1.83954324958
1.80424438354 -7.10620875795 1.84087607754
1.84761192597 -7.10481030935 1.85055064556
1.865022062 -7.10424773807 1.85161481255
1.89957973253 -7.10313016417 1.85320735739
1.90815388921 -7.10285273441 1.85349130344
1.91698706096 -7.10256684187 1.85404036489
1.93411154747 -7.10201115945 1.86333524212
1.95152075625 -7.10144461737 1.8633233598
2.28065044119 -7.09062883616 1.90333530074
2.31520685251 -7.08948013042 1.90483022919
2.33261319341 -7.08890113335 1.90582080838
2.37572044451 -7.08746078948 1.91556241982
2.3845553513 -7.08716534871 1.91628327282
2.39312852724 -7.08687846851 1.91624229426
2.41053738513 -7.08629584192 1.91737960181
2.42768527874 -7.08572172642 1.91804409458
2.72224671587 -7.0757467274 1.95616701568
2.765349731 -7.07427220431 1.96682240598
2.80873987046 -7.07278172655 1.96794103531
2.81731422657 -7.07248704004 1.96854229621
2.8432954925 -7.07159381087 1.96972617011
2.85212671745 -7.0712900602 1.97079121738
2.86068285608 -7.07099530906 1.97754334919
2.86925090419 -7.07069910681 1.97972266981
2.89523347768 -7.0698008319 1.98023714484
3.21576554882 -7.0586120274 2.01953638778
3.27627703231 -7.05647638348 2.03001231243
3.30225504212 -7.05555484156 2.03132050559
3.31966309985 -7.05493738176 2.03240430214
3.32823579056 -7.05463307334 2.03242893886
3.34564340713 -7.05401517977 2.03355996136
3.35421678141 -7.05371079083 2.03389534072
3.37161929188 -7.05309267905 2.03580638039
3.51862211996 -7.04783522035 2.057628913
3.69185921823 -7.0415838314 2.08175644483
3.71783821961 -7.04063904694 2.08246096701
3.75239194179 -7.03938209977 2.08422508704
3.77837092503 -7.03843639899 2.085347786
3.8217328091 -7.03685213449 2.09495088335
3.83913982982 -7.03621531301 2.09591584234
3.98615782493 -7.03081330013 2.11049224373
4.16796168021 -7.0240661831 2.13502500155
4.2372993244 -7.02147443376 2.14611914617
4.271851471 -7.02017914101 2.14785100539
4.28925690198 -7.01952630568 2.14859601831
4.2978290754 -7.01920464555 2.14898637047
4.30665321944 -7.0188735091 2.15236160368
4.31520962274 -7.01855127808 2.15855513132
4.33261534111 -7.01789502654 2.15862924072
4.6187893639 -7.0145118493 0.323556871851
4.66194186984 -7.01426704579 0.325542795806
4.67936032943 -7.01416787392 0.326731026542
4.71393197795 -7.01397012393 0.330139684919
4.73132743003 -7.01386804227 0.338640822875
4.73990668556 -7.01381724461 0.33855021699
4.7573244486 -7.01371421571 0.338950352935
4.7833222683 -7.01356000673 0.340727151958
5.11262525355 -7.01146739426 0.383879011276
5.14717400661 -7.01123310439 0.39447029605
5.16459197036 -7.01111306543 0.394525946313
5.19916847692 -7.0108743597 0.396644114612
5.20774767177 -7.01081493344 0.397304601426
5.22516478045 -7.01069405221 0.398333161191
5.23373733781 -7.01063447662 0.40090357141
5.25971435099 -7.01044965414 0.408339802445
5.5700978189 -7.00816703047 0.177015743063
5.57692560747 -7.00816049078 -0.034938836082
5.59786636234 -7.00821208643 0.327459068356
5.60079312526 -7.00817420033 1.26631733298
5.60200338045 -7.00814118369 1.77958960629
5.60208977942 -7.00813836175 1.81611674783
5.6021445522 -7.00813747842 1.55208955269
5.60235405866 -7.00813613329 0.230431741397
5.60736315927 -7.00984229733 -37.9500825002
5.60790099858 -7.01030584878 -42.5046859109
5.60896686284 -7.01149672106 -52.7783477341
5.60907381312 -7.01164330226 -53.9426088247
5.60917479866 -7.01178767613 -55.0726057353
5.60937112686 -7.01208698417 -57.3668542994
5.60955289423 -7.01238962093 -59.6269226128
5.60964172681 -7.01254808789 -60.7910204731
5.60980331776 -7.01285763649 -63.0493374227
5.6093206841 -7.02199452764 -122.756358564
5.60868546433 -7.02284756272 -129.590105444
5.60713018896 -7.02429976286 -143.3084201
5.60672011639 -7.02458145938 -146.687989184
5.6065477628 -7.0246880861 -148.408822105
5.6064096282 -7.02476765603 -150.06516389
5.60630034947 -7.02482579505 -151.70813815
5.60621484637 -7.02486751261 -153.385244167
5.59929395374 -7.02475463799 177.629043888
5.57829607874 -7.02420332061 179.614486325
5.57013682918 -7.02422335849 -179.399359972
5.55385876407 -7.0245652018 -178.536241924
5.54101202173 -7.02487773415 -178.684755289
5.52713777799 -7.0251826027 -178.806931446
5.51989959429 -7.02532325884 -178.97636484
5.51247920058 -7.02544377323 -179.157972231
5.161095324 -7.01184914612 176.347124927
5.10069694844 -7.00798437915 176.324065538
5.03142745978 -7.00353287106 176.321446501
5.0055347958 -7.00186339501 176.299827563
4.98815131855 -7.00073910556 176.299053743
4.9710297359 -6.99963170196 176.298706712
4.96220864895 -6.99906116444 176.29823199
4.95364752144 -6.99850730477 176.298006877
4.66836674744 -6.97995656571 176.262260345
4.60792959492 -6.9760072197 176.258417909
4.56462724724 -6.97317149499 176.25047732
4.53012460225 -6.97091011303 176.249258474
4.52130502106 -6.97033197696 176.249178438
4.51274525813 -6.96977079648 176.248952386
4.50419216203 -6.96920982883 176.246219379
4.20155160322 -6.95021045386 177.739579292
4.15833048735 -6.94885849317 178.680239917
4.10647262951 -6.94817727428 179.80029593
4.07204410911 -6.94827723035 -179.460352145
4.05468640656 -6.94849917401 -179.078602263
4.03764708593 -6.94882588914 -178.764054135
4.02887208271 -6.94901863015 -178.73434863
4.01171735748 -6.94939785906 -178.733696591
3.63911222658 -6.95792093323 -178.661623237
3.59599752619 -6.95893437325 -178.65082315
3.57000752009 -6.95954673308 -178.649617384
3.49206742004 -6.96139225486 -178.636916377
3.47465415828 -6.96180657501 -178.636109802
3.45724039167 -6.96222149229 -178.634948649
3.44866390597 -6.96242583836 -178.634558804
3.44008771084 -6.96263026619 -178.634298142
3.14544346933 -6.96976533642 -178.595523615
3.09349215328 -6.97104262856 -178.584777315
3.04151269833 -6.97232674527 -178.582241642
3.02436042589 -6.972751459 -178.581703181
3.01552517216 -6.97297023973 -178.581243908
3.00696439456 -6.97318236534 -178.574950991
2.99840984019 -6.97339612561 -178.566462936
2.98957357775 -6.9736173633 -178.566454929
2.97241993279 -6.97404671254 -178.565965785
2.96358271757 -6.97426790754 -178.565206847
2.68662122597 -6.98128475138 -178.527057531
2.63464286162 -6.98262199963 -178.525177154
2.59982031676 -6.98351896504 -178.52343377
2.58269306163 -6.98396192641 -178.513965468
2.54786698787 -6.9848655837 -178.512801669
2.53929157362 -6.98508831638 -178.512696112
2.48733107949 -6.98643880694 -178.504812953
2.16698659313 -6.99490839286 -178.461722521
2.12358607677 -6.99607435519 -178.460398506
2.09759814571 -6.99677311081 -178.458991506
2.06306155802 -6.99770436791 -178.448685181
2.05422547927 -6.99794376148 -178.448759317
2.03707264694 -6.99840833798 -178.448010903
2.02823675965 -6.9986477109 -178.447583843
2.01966130532 -6.99888020616 -178.447345047
2.01108498223 -6.99911270373 -178.446733326
1.72530182728 -7.00695619632 -178.408854802
1.69047912502 -7.00792392975 -178.407149363
1.65593935934 -7.00888526648 -178.39817599
1.62995600524 -7.00961277542 -178.396445973
1.60396874926 -7.01034057474 -178.395188244
1.58655711494 -7.01082849664 -178.394132412
1.24881246774 -7.02042781272 -178.353479689
1.21426101671 -7.0214195814 -178.429858927
1.17066642342 -7.02232446127 -179.35067869
1.14451950169 -7.02236205878 179.521700658
1.12725405058 -7.0221041405 178.771204389
1.10972336028 -7.02160992797 178.006262825
1.09219989915 -7.02088186486 177.242273008
1.07494845512 -7.01993633003 176.490189867
1.06606702373 -7.01936089805 176.102642915
1.04885985413 -7.01807465687 175.357629527
0.708780195538 -6.94411362803 160.070682755
0.668178040789 -6.92862324744 158.170252819
0.627914768356 -6.91170749215 156.245560875
0.572708868425 -6.88585199365 153.57633327
0.549387555512 -6.8739699769 152.433636848
0.533936646497 -6.86576913089 151.649513002
0.526390754503 -6.86166329304 151.25199436
0.518662832021 -6.85738740076 150.835135555
0.503646424949 -6.84887543128 150.080354236
0.22779507357 -6.63679415241 134.807813019
0.191718507187 -6.59879576613 131.975371545
0.141730359917 -6.53796657713 126.845168484
0.111680482928 -6.4947407243 122.572848185
0.102524770279 -6.4799835683 121.075319516
0.0979525716816 -6.47227722929 120.298847055
0.0893772758179 -6.45714441658 118.792238677
0.0221799754686 -6.27653839259 102.033975783
0.0108904420574 -6.06715112921 85.2731947703
0.0140256739294 -6.03270604095 84.5392754236
0.0206411604398 -5.96361195764 84.5172461081
0.0239495248571 -5.92922627877 84.5022359309
0.0247714436361 -5.92068694727 84.5021468573
0.0264402194046 -5.90334978772 84.5016734777
0.0272621854663 -5.89481057407 84.5012550048
0.0289272653908 -5.87746067215 84.5748626533
0.0398936161482 -5.54950972932 91.6459527288
0.0387066622109 -5.51504002491 92.1342588205
0.0370890287435 -5.47165422794 92.1370538879
0.0354742591275 -5.42856625523 92.1609451331
0.0344938075702 -5.4025874825 92.1617237711
0.0338367265555 -5.38518241487 92.162145856
0.0335129856392 -5.3766094887 92.1627353335
0.0202702312106 -4.99530905913 90.3447167523
0.0204718514283 -4.94316763295 89.2806704245
0.021107137425 -4.89971133183 89.1400765296
0.0216261075648 -4.86514047573 89.1396614755
0.0217549101131 -4.85656289943 89.1395561323
0.0220165612592 -4.83915308711 89.1368088851
0.0221460202126 -4.83059631155 89.127968157
0.0222802416919 -4.82176341799 89.1285997578
0.0224106672671 -4.81318517727 89.1283861818
0.0246676144798 -4.66583068353 89.1153208145
0.0275123684047 -4.4839369779 89.0914416343
0.0284729278888 -4.42338137644 89.0874315618
0.0288889615153 -4.3974102066 89.080317422
0.0291686343396 -4.37999358334 89.0795259617
0.0293064462609 -4.37141583719 89.0793892031
0.0295862699496 -4.35400081192 89.0792462856
0.0298619375919 -4.33684580689 89.0791058311
0.0348448208053 -4.03359662725 89.0431843015
0.0354229823392 -3.99905371029 89.0318707881
0.036010257232 -3.96422503177 89.0313406959
0.0365947792833 -3.9296553264 89.0310052548
0.0370343442987 -3.90367476629 89.0254954208
0.0371803768515 -3.89511286066 89.0196734576
0.037775896798 -3.86028369077 89.0193963552
0.0432025271016 -3.5484622046 88.9833599288
0.044430631187 -3.4793515339 88.9719414066
0.0450553225299 -3.44452222127 88.9714997518
0.0456759382038 -3.40995319418 88.9711907344
0.0458299535062 -3.40137591201 88.9711061338
0.046142617411 -3.38397760742 88.9636871648
0.0462968409415 -3.37541274306 88.9597885453
0.0464570688338 -3.36657738381 88.9604113923
0.0520287600042 -3.06359745419 88.9240342905
0.0523555862491 -3.04618338704 88.9239907013
0.0528439411256 -3.02019074924 88.9232682146
0.0533324002821 -2.99419954343 88.9230699714
0.0536597671824 -2.97678700872 88.9220577266
0.0539834405733 -2.95965958131 88.9122562368
0.054151059456 -2.95082357445 88.9126153716
0.0543138744319 -2.9422453795 88.9121374753
0.0546446467057 -2.92483009402 88.9115301576
0.0549705641847 -2.90767578437 88.9113661116
0.0606694113127 -2.61302995623 88.8720181815
0.0618620025046 -2.55249371988 88.8615672298
0.0625480272163 -2.51793135028 88.8601606879
0.0632410479936 -2.48310341381 88.8597526605
0.0634117410816 -2.4745265247 88.8596803017
0.0637583826645 -2.45711583884 88.8580099162
0.0639292768703 -2.44855910553 88.8492173823
0.0641013103088 -2.43998842045 88.8490925029
0.0644510751608 -2.42257366514 88.8486295136
0.064623475516 -2.41399602408 88.8482634481
0.0704399511077 -2.12818458359 88.8135233513
0.0715170983215 -2.07620151706 88.8122494697
0.0722391290763 -2.04137932762 88.8096961946
0.0731401847044 -1.99825825258 88.8007759039
0.0735047259181 -1.98084450367 88.8005387796
0.0736842837031 -1.97226775985 88.8004775514
0.0745934203562 -1.92888939319 88.7892654618
0.0711013781196 -1.58331650452 93.966158551
0.067008105099 -1.53162712896 95.0921552666
0.0654087230168 -1.51433973688 95.4753042961
0.0628916849318 -1.48857200514 95.6178587765
0.0611864984461 -1.47124458662 95.6207604477
0.0595058698584 -1.45416908013 95.6214000609
0.0586398254562 -1.44537178159 95.6222497447
0.0227646705993 -1.08330817232 95.6816829801
0.0166439448773 -1.01444488992 94.3235830823
0.0153898595431 -0.997048493305 93.9267732414
0.0137310147356 -0.971078984219 93.447658167
0.0126856541845 -0.953685697939 93.4391721784
0.0116562717831 -0.936559046151 93.4395341388
0.0106110959039 -0.919171637961 93.4406786831
0.0100963641375 -0.910609710955 93.4404681115
0.00956587079755 -0.901786988744 93.440890849
-0.00306645495452 -0.598786618006 91.1578750664
-0.00377229845752 -0.563985078907 91.1694780649
-0.00447810581758 -0.529416082026 91.1696769143
-0.00501073315861 -0.494762565441 90.510827042
-0.00510622145518 -0.477314577359 90.1213861532
-0.00508683481607 -0.459875423065 89.7482531147
-0.00504043416603 -0.451281699072 89.6438216008
-0.00476479038095 -0.407866334946 89.6349629309
-0.00234461214064 -0.0788680356503 89.5342550218
-0.00190387114435 -0.0269040108377 89.5088135666
-0.00175426545953 -0.00948709798502 89.5085279179
-0.00158405073156 0.0176537180251 89.9632289175
-0.00167054997559 0.0293839815594 91.0679244833
-0.00172607064043 0.0317577412193 91.6020099848
-0.00182369957954 0.0343898479174 92.640582867
-0.00187530363105 0.0354118470165 93.0745707629
