853 1516
0.9746013854680318 0.001206398750911278 0.49088458002987134 0.005006578061331951 0.005006578061331951 0.011587315749785715 0.9999194175023407
56 1520
0.9283440885516324 0.4024550546342517 -0.7678288167537245 0.0036326021661370676 0.0036326021661370676 -0.012084377753715068 0.999911301085079
795 1495
0.3357285879620266 -0.5743216935361777 -0.07544105832231136 0.0030193478773516374 0.0030193478773516374 0.341960822414926 0.9396872653427581
1576 840
0.5168108062744705 -0.017157907123294385 -0.7355052300015661 -0.0013899681949850907 -0.0013899681949850907 0.06985583905006675 0.9974649805833017
1541 922
-1.3523944976832798 0.31466382016472094 -1.1916561608044167 -0.002858218639515198 -0.002858218639515198 0.09433378928182887 0.9954887287298386
