96 5 95
50 50 50 0.0 0.7071067811865475 0.0 0.7071067811865477
50.5 50 50 0.0 0.7071067811865475 0.0 0.7071067811865477
51.0 50 50 0.0 0.7071067811865475 0.0 0.7071067811865477
51.5 50 50 0.0 0.7071067811865475 0.0 0.7071067811865477
52.0 50 50 0.0 0.7071067811865475 0.0 0.7071067811865477
52.5 50 50 0.0 0.7071067811865475 0.0 0.7071067811865477
53.0 50 50 0.0 0.7071067811865475 0.0 0.7071067811865477
53.5 50 50 0.0 0.7071067811865475 0.0 0.7071067811865477
54.0 50 50 0.0 0.7071067811865475 0.0 0.7071067811865477
54.5 50 50 0.0 0.7071067811865475 0.0 0.7071067811865477
55.0 50 50 0.0 0.7071067811865475 0.0 0.7071067811865477
55.5 50 50 0.0 0.7071067811865475 0.0 0.7071067811865477
56.0 50 50 0.0 0.7071067811865475 0.0 0.7071067811865477
56.5 50 50 0.0 0.7071067811865475 0.0 0.7071067811865477
57.0 50 50 0.0 0.7071067811865475 0.0 0.7071067811865477
57.5 50 50 0.0 0.7071067811865475 0.0 0.7071067811865477
58.0 50 50 0.0 0.7071067811865475 0.0 0.7071067811865477
58.5 50 50 0.0 0.7071067811865475 0.0 0.7071067811865477
59.0 50 50 0.0 0.7071067811865475 0.0 0.7071067811865477
59.5 50 50 0.5000000000000001 -0.4999999999999999 -0.5 -0.5
59.5 50.5 50 0.5000000000000001 -0.4999999999999999 -0.5 -0.5
59.5 51.0 50 0.5000000000000001 -0.4999999999999999 -0.5 -0.5
59.5 51.5 50 0.5000000000000001 -0.4999999999999999 -0.5 -0.5
59.5 52.0 50 0.5000000000000001 -0.4999999999999999 -0.5 -0.5
59.5 52.5 50 0.5000000000000001 -0.4999999999999999 -0.5 -0.5
59.5 53.0 50 0.5000000000000001 -0.4999999999999999 -0.5 -0.5
59.5 53.5 50 0.5000000000000001 -0.4999999999999999 -0.5 -0.5
59.5 54.0 50 0.5000000000000001 -0.4999999999999999 -0.5 -0.5
59.5 54.5 50 0.5000000000000001 -0.4999999999999999 -0.5 -0.5
59.5 55.0 50 0.5000000000000001 -0.4999999999999999 -0.5 -0.5
59.5 55.5 50 0.5000000000000001 -0.4999999999999999 -0.5 -0.5
59.5 56.0 50 0.5000000000000001 -0.4999999999999999 -0.5 -0.5
59.5 56.5 50 0.5000000000000001 -0.4999999999999999 -0.5 -0.5
59.5 57.0 50 0.5000000000000001 -0.4999999999999999 -0.5 -0.5
59.5 57.5 50 0.5000000000000001 -0.4999999999999999 -0.5 -0.5
59.5 58.0 50 0.5000000000000001 -0.4999999999999999 -0.5 -0.5
59.5 58.5 50 0.5000000000000001 -0.4999999999999999 -0.5 -0.5
59.5 59.0 50 0.5000000000000001 -0.4999999999999999 -0.5 -0.5
59.5 59.5 50 0.7071067811865477 -0.7071067811865475 0.0 -1.570092458683775e-16
59.5 59.5 49.5 0.7071067811865477 -0.7071067811865475 0.0 -1.570092458683775e-16
59.5 59.5 49.0 0.7071067811865477 -0.7071067811865475 0.0 -1.570092458683775e-16
59.5 59.5 48.5 0.7071067811865477 -0.7071067811865475 0.0 -1.570092458683775e-16
59.5 59.5 48.0 0.7071067811865477 -0.7071067811865475 0.0 -1.570092458683775e-16
59.5 59.5 47.5 0.7071067811865477 -0.7071067811865475 0.0 -1.570092458683775e-16
59.5 59.5 47.0 0.7071067811865477 -0.7071067811865475 0.0 -1.570092458683775e-16
59.5 59.5 46.5 0.7071067811865477 -0.7071067811865475 0.0 -1.570092458683775e-16
59.5 59.5 46.0 0.7071067811865477 -0.7071067811865475 0.0 -1.570092458683775e-16
59.5 59.5 45.5 0.7071067811865477 -0.7071067811865475 0.0 -1.570092458683775e-16
59.5 59.5 45.0 0.7071067811865477 -0.7071067811865475 0.0 -1.570092458683775e-16
59.5 59.5 44.5 0.7071067811865477 -0.7071067811865475 0.0 -1.570092458683775e-16
59.5 59.5 44.0 0.7071067811865477 -0.7071067811865475 0.0 -1.570092458683775e-16
59.5 59.5 43.5 0.7071067811865477 -0.7071067811865475 0.0 -1.570092458683775e-16
59.5 59.5 43.0 0.7071067811865477 -0.7071067811865475 0.0 -1.570092458683775e-16
59.5 59.5 42.5 0.7071067811865477 -0.7071067811865475 0.0 -1.570092458683775e-16
59.5 59.5 42.0 0.7071067811865477 -0.7071067811865475 0.0 -1.570092458683775e-16
59.5 59.5 41.5 0.7071067811865477 -0.7071067811865475 0.0 -1.570092458683775e-16
59.5 59.5 41.0 0.7071067811865477 -0.7071067811865475 0.0 -1.570092458683775e-16
59.5 59.5 40.5 0.5000000000000001 -0.4999999999999999 -0.5 0.5
59.0 59.5 40.5 0.5000000000000001 -0.4999999999999999 -0.5 0.5
58.5 59.5 40.5 0.5000000000000001 -0.4999999999999999 -0.5 0.5
58.0 59.5 40.5 0.5000000000000001 -0.4999999999999999 -0.5 0.5
57.5 59.5 40.5 0.5000000000000001 -0.4999999999999999 -0.5 0.5
57.0 59.5 40.5 0.5000000000000001 -0.4999999999999999 -0.5 0.5
56.5 59.5 40.5 0.5000000000000001 -0.4999999999999999 -0.5 0.5
56.0 59.5 40.5 0.5000000000000001 -0.4999999999999999 -0.5 0.5
55.5 59.5 40.5 0.5000000000000001 -0.4999999999999999 -0.5 0.5
55.0 59.5 40.5 0.5000000000000001 -0.4999999999999999 -0.5 0.5
54.5 59.5 40.5 0.5000000000000001 -0.4999999999999999 -0.5 0.5
54.0 59.5 40.5 0.5000000000000001 -0.4999999999999999 -0.5 0.5
53.5 59.5 40.5 0.5000000000000001 -0.4999999999999999 -0.5 0.5
53.0 59.5 40.5 0.5000000000000001 -0.4999999999999999 -0.5 0.5
52.5 59.5 40.5 0.5000000000000001 -0.4999999999999999 -0.5 0.5
52.0 59.5 40.5 0.5000000000000001 -0.4999999999999999 -0.5 0.5
51.5 59.5 40.5 0.5000000000000001 -0.4999999999999999 -0.5 0.5
51.0 59.5 40.5 0.5000000000000001 -0.4999999999999999 -0.5 0.5
50.5 59.5 40.5 0.5000000000000001 -0.4999999999999999 -0.5 0.5
50.0 59.5 40.5 -3.4863055968420984e-32 1.570092458683775e-16 -0.7071067811865475 0.7071067811865477
50.0 59.5 41.0 -3.4863055968420984e-32 1.570092458683775e-16 -0.7071067811865475 0.7071067811865477
50.0 59.5 41.5 -3.4863055968420984e-32 1.570092458683775e-16 -0.7071067811865475 0.7071067811865477
50.0 59.5 42.0 -3.4863055968420984e-32 1.570092458683775e-16 -0.7071067811865475 0.7071067811865477
50.0 59.5 42.5 -3.4863055968420984e-32 1.570092458683775e-16 -0.7071067811865475 0.7071067811865477
50.0 59.5 43.0 -3.4863055968420984e-32 1.570092458683775e-16 -0.7071067811865475 0.7071067811865477
50.0 59.5 43.5 -3.4863055968420984e-32 1.570092458683775e-16 -0.7071067811865475 0.7071067811865477
50.0 59.5 44.0 -3.4863055968420984e-32 1.570092458683775e-16 -0.7071067811865475 0.7071067811865477
50.0 59.5 44.5 -3.4863055968420984e-32 1.570092458683775e-16 -0.7071067811865475 0.7071067811865477
50.0 59.5 45.0 -3.4863055968420984e-32 1.570092458683775e-16 -0.7071067811865475 0.7071067811865477
50.0 59.5 45.5 -3.4863055968420984e-32 1.570092458683775e-16 -0.7071067811865475 0.7071067811865477
50.0 59.5 46.0 -3.4863055968420984e-32 1.570092458683775e-16 -0.7071067811865475 0.7071067811865477
50.0 59.5 46.5 -3.4863055968420984e-32 1.570092458683775e-16 -0.7071067811865475 0.7071067811865477
50.0 59.5 47.0 -3.4863055968420984e-32 1.570092458683775e-16 -0.7071067811865475 0.7071067811865477
50.0 59.5 47.5 -3.4863055968420984e-32 1.570092458683775e-16 -0.7071067811865475 0.7071067811865477
50.0 59.5 48.0 -3.4863055968420984e-32 1.570092458683775e-16 -0.7071067811865475 0.7071067811865477
50.0 59.5 48.5 -3.4863055968420984e-32 1.570092458683775e-16 -0.7071067811865475 0.7071067811865477
50.0 59.5 49.0 -3.4863055968420984e-32 1.570092458683775e-16 -0.7071067811865475 0.7071067811865477
50.0 59.5 49.5 -3.4863055968420984e-32 1.570092458683775e-16 -0.7071067811865475 0.7071067811865477
50.0 59.5 50.0 0.4999999999999999 0.5000000000000001 -0.5 0.5
62.00333198954428 50.58538564814951 48.187115662150404
59.00409841638171 61.99901669623301 51.37757586872784
58.701166088010936 57.761774409245795 37.71526235639877
47.26726095447218 57.73350490393167 40.61085612895862
48.568106529896006 57.67349556773071 52.36565758619059
0 0 454.69229377932174 268.08356154477127
1 0 460.52505136213745 269.2824994511901
2 0 466.8878990656873 270.5903987074582
3 0 473.8565400270228 272.0228202826979
4 0 481.5218129674448 273.5984363032222
5 0 489.9936738444826 275.33984849105474
6 0 499.40650423001756 277.2746793143274
7 0 509.92629249948664 279.4370480986784
8 0 521.7605068458961 281.86960044997073
9 0 535.1719157457255 284.62634908561813
10 0 550.4983286636211 287.77673158579785
11 0 568.1814431834856 291.4115399933808
12 0 588.810107699696 295.6518135682931
13 0 613.1871676525986 300.6625791983764
14 0 642.4363927953877 306.6748305664749
15 0 678.1806365623197 314.02214925407304
16 0 722.8535037510132 323.20476881274254
17 0 780.2779078542843 335.0084986704288
18 0 856.8225438543907 350.74244000616
19 1 296.8933522039625 263.875447069096
20 1 295.86688844537997 264.89185776257534
21 1 294.7471014573733 266.000677688766
22 1 293.5206581014033 267.2151094030196
23 1 292.1715583489866 268.55099623142564
24 1 290.68043339590344 270.0275172824177
25 1 289.0236097889099 271.668114154228
26 1 287.1718432060156 273.5017447534033
27 1 285.08857734599553 275.5646073530616
28 1 282.7275062823858 277.90255436487956
29 1 280.0290919652758 280.5745407301222
30 1 276.91547417305026 283.6576641165685
31 1 273.28283502284444 287.25472562697144
32 1 268.98959792379173 291.5059152677485
33 1 263.8375445094649 296.6075100780023
34 1 257.5403401072254 302.8430404023263
35 1 249.6684475052164 310.63783661573706
36 1 239.5468106792133 320.66034332329957
37 1 226.05018869933738 334.02478097781267
38 2 465.5560780385854 277.27906593587863
39 2 471.7104822529782 278.83951925474605
40 2 478.4102606186152 280.53825255566977
41 2 485.7312667402757 282.394498571048
42 2 493.7641049353791 284.4312300863684
43 2 502.6178990403588 286.676115523593
44 2 512.4252789594817 289.1627832839586
45 2 523.3490701269549 291.93251786558295
46 2 535.591405301179 295.03657016501256
47 2 549.4063477660657 298.5393580983888
48 2 565.117713017986 302.5229853021337
49 2 583.1447706484818 307.0937578625604
50 2 604.0402149408852 312.39181178612887
51 2 628.5478272484652 318.60573333412265
52 2 657.6928717164199 325.9954789186261
53 2 692.9291685452918 334.92966562716606
54 2 736.3891420049822 345.9489710644763
55 2 791.3320708375943 359.87978754296546
56 2 863.0017324549824 378.05167834458257
57 3 411.23906773183757 245.6256162297445
58 3 415.1059852256867 245.8440484393869
59 3 419.3171569106264 246.08192668162715
60 3 423.92069550834356 246.34196872019479
61 3 428.974117424421 246.62742350870266
62 3 434.54675822558715 246.9422076347354
63 3 440.7229729795842 247.29108609880592
64 3 447.60643602324126 247.67991519717935
65 3 455.32600756075334 248.1159739108999
66 3 464.0438762724053 248.60842386078565
67 3 473.96707931960793 249.1689600428424
68 3 485.3641554784965 249.8127515208888
69 3 498.58981391487794 250.55983490211676
70 3 514.1225123772131 251.43723703242694
71 3 532.6235794753989 252.48231466168255
72 3 555.0338135317054 253.74821106400003
73 3 582.73854692172 255.31318009723134
74 3 617.8653725212628 257.2974040031295
75 3 663.8581619690592 259.89541822057254
76 4 286.8886366948203 172.2458621446096
77 4 285.40999971098154 169.24321415271868
78 4 283.79527920232056 165.96422319970708
79 4 282.0247827098174 162.36890007714942
80 4 280.0748256515044 158.4091488269026
81 4 277.9166656944235 154.0266027847465
82 4 275.5150765347031 149.14972837500466
83 4 272.8264102223529 143.68989029988492
84 4 269.79592044732465 137.53591597292717
85 4 266.3539956117379 130.54644607005565
86 4 262.41074591507595 122.53894259718352
87 4 257.8480394469382 113.2735166921901
88 4 252.50746512663 102.42848513022707
89 4 246.17156558578347 89.56226019396553
90 4 238.53349888076391 74.0517421260258
91 4 229.1458522890441 54.988376002159185
92 4 217.32973230504666 30.99354202351742
93 4 202.00282143356299 -0.13060721199815362
94 4 181.32743105589412 -42.1158409628099
