96 5 95
50.0 50.0 50.0 0.0 0.7071067811865475 0.0 0.7071067811865477
50.5 50.0 50.0 0.0 0.7071067811865475 0.0 0.7071067811865476
51.0 50.0 50.0 0.0 0.7071067811865475 0.0 0.7071067811865477
51.5 50.0 50.0 0.0 0.7071067811865475 0.0 0.7071067811865476
52.0 50.0 50.0 0.0 0.7071067811865475 0.0 0.7071067811865477
52.5 50.0 50.0 0.0035443469147975323 0.708863475704803 9.17696179570414e-19 0.7053368063674644
52.99998750010417 49.997500041666456 49.99750001041665 0.0070886272625722046 0.7106068569294318 1.2205929756100544e-18 0.7035535844897716
53.49993750145988 49.992512812546764 49.992487656665055 0.010632774477551368 0.7123368921176751 1.826442826953399e-18 0.7017571490444832
53.99982500803159 49.98505118704296 49.984950752900104 0.014176721996462764 0.7140535487774278 3.644103748830029e-18 0.6999475337707796
54.499625028478626 49.975128225444585 49.97487730293191 0.017720403259784655 0.7157567946678492 6.059053469348533e-18 0.6981247726553734
54.99931257803266 49.962757172947484 49.96225550112703 0.021263751712995906 0.7174465977999694 6.044782570912908e-18 0.6962888999318723
55.498862680374664 49.947951458658814 49.947073733295376 0.024806700807825956 0.7191229264372889 7.236830083714834e-18 0.6944399500801351
55.998250369511254 49.93072469458817 49.929320577562684 0.028349184003504644 0.720785749096375 9.626846691414595e-18 0.6925779578256247
56.497450691650236 49.911090674625 49.908984805228606 0.03189113476801197 0.7224350345474538 1.2006086312407793e-17 0.6907029581387558
56.996438707075235 49.88906337350233 49.88605538161024 0.03543248657932759 0.7240707518149955 1.4374756651571305e-17 0.6888149862342375
57.49518949201929 49.864656945746944 49.86052146687112 0.038973172926680254 0.7256928701782974 1.673306274712908e-17 0.6869140775704133
57.99367814053724 49.83788572461602 49.83237241683554 0.042513127311796864 0.72730135917206 1.4310905272759858e-17 0.6850002678485937
58.49187976637675 49.80876422102036 49.80159778378819 0.04605228325015146 0.7288961885869595 1.4279592922606013e-17 0.6830735930123865
58.98976950484788 49.77730712243426 49.76818731725905 0.04959057427221386 0.730477328470215 1.899824575921841e-17 0.6811340892470216
59.48732251469104 49.743529291792115 49.73213096479343 -0.4452630811210088 0.5202228713045993 0.5154074377308677 0.5152321087567482
59.52586613794006 50.24106986517772 49.76323991755565 -0.44394909762218215 0.5239104997446881 0.5142797230367567 0.5137541760910156
59.566713326114275 50.7385871147577 49.79166690453337 -0.44262677623475716 0.5275882885265687 0.5131423495618033 0.5122665945148333
59.60984863804762 51.23605792003637 49.817399039303005 -0.4412961417934918 0.5312561685770223 0.5119953386672252 0.5107693919667408
59.65525646068019 51.73345916400715 49.84042363789005 -0.43995721928927317 0.5349140710089281 0.5108387118952425 0.5092625965659713
59.70292101023113 52.23076773488919 49.860728219721956 -0.4386100338686479 0.5385619271225563 0.5096724909686725 0.5077462366119224
59.752826333384384 52.727960527863665 49.87830050856574 -0.4372546108333499 0.5421996684068591 0.508496697790522 0.506220340583626
59.80495630848719 53.22501444680949 49.8931284334502 -0.4358909756398252 0.5458272265407568 0.5073113544435763 0.5046849371392123
59.859294646761214 53.72190640603839 49.90520012957279 -0.4345191538987542 0.5494445333944218 0.5061164831899839 0.5031400551153721
59.9158248935262 54.21861333202924 49.91450393919089 -0.4331391713745697 0.5530515210305571 0.5049121064708387 0.5015857235268152
59.97453042943615 54.7151121651614 49.92102841249763 -0.43175105398497426 0.5566481217056735 0.5036982469057587 0.5000219715657253
60.035394471727834 55.21137986144708 49.92476230848204 -0.4303548278004525 0.5602342678713604 0.5024749272924605 0.4984488286012118
60.09840007548158 55.707393394262496 49.92569459577352 -0.4289505190437819 0.5638098921755559 0.5012421706063319 0.49686632417875853
60.16353013489425 56.20312975607775 49.92381445347058 -0.42753815408954016 0.5673749274638104 0.5000000000000001 0.4952744880196681
60.23076738456432 56.69856596018523 49.919111271953724 -0.4261177594636098 0.5709293067805493 0.49874843880289677 0.4936733500205045
60.30009440078889 57.19367904242648 49.91157465368252 -0.4246893618426803 0.5744729633703293 0.49748751052081996 0.49206294025253133
60.37149360287269 57.688446062917386 49.90119441397669 -0.42325298805374656 0.5780058306790927 0.49621723883549274 0.49044328896114653
60.44494725444876 58.182844107771494 49.887960581781236 -0.4218086650736054 0.5815278423554171 0.494937647604118 0.4888144265653151
60.520437464810925 58.67685029082142 49.87186340041551 -0.4203564200283492 0.585038932251762 0.4936487608589313 0.4871763836569976
60.5979461902578 59.170441755338146 49.85289332830618 -0.642627900742975 0.7612173491494051 0.04986296113384944 -0.07135274099566338
60.51158791586426 59.16254504427489 49.36047085684681 -0.6410172503632275 0.7627678088458475 0.046173337673022716 -0.07176473655915439
60.427250179051384 59.15176214577665 48.86775301137208 -0.6393945609221287 0.764303942861597 0.04248284702235869 -0.0721753842960997
60.34492294693774 59.13808340510843 48.3747670897615 -0.6377598628957036 0.7658257223462416 0.038791558493632285 -0.07258467649404961
60.264596035604 59.121499385083574 47.88154041003361 -0.6361131869855126 0.7673331187189644 0.03509954141360346 -0.07299260546601302
60.186259110858 59.10200086677272 47.38810030829377 -0.6344545641180747 0.7688261036690803 0.03140686512271526 -0.07339916355060187
60.109901689011075 59.07957885019635 46.894474136680536 -0.6327840254442872 0.7703046491565683 0.027713598973791508 -0.07380434311217499
60.03551313766563 59.05422455500093 46.40068926131084 -0.6311016023388405 0.771768727412597 0.024019812330734212 -0.07420813654098143
59.963082676513935 59.02592942111851 45.906773060224126 -0.6294073263996279 0.7732183109400469 0.020325574567220898 -0.07461053625330352
59.892599378147935 58.99468510940983 45.41275292132562 -0.6277012294471538 0.7746533725140266 0.01663095506540168 -0.07501153469159921
59.8240521688802 58.960483502290735 44.918656240328794 -0.6259833435239345 0.7760738851823842 0.012936023214596136 -0.07541112432464403
59.75742982957583 58.92331670434206 44.42451041869731 -0.6242537008938975 0.7774798222662133 0.00924084840999015 -0.07580929764767255
59.692720996495254 58.883177042902716 43.93034286158648 -0.6225123340417751 0.7788711573603542 0.005545500051332572 -0.07620604718251929
59.62991416214796 58.84005706864615 43.43618097578449 -0.6207592756724943 0.7802478643338902 0.0018500475416317803 -0.07660136547775923
59.568997676156975 58.79394955613993 42.94205216765345 -0.6189945587105626 0.7816099173306373 -0.0018454397141477554 -0.07699524510884766
59.50995974613408 58.74484750438855 42.44798384107056 -0.6172182162994496 0.7829572907696313 -0.005540892310388993 -0.07738767867825976
59.452788438565726 58.69274413735941 41.95400339536936 -0.6154302818009644 0.7842899593456069 -0.00923624084212583 -0.0777786588156294
59.39747167970951 58.63763290449183 41.46013822328141 -0.6136307887946296 0.7856078980294735 -0.012931415906346637 -0.07816817817788764
59.34399725650123 58.57950748118916 40.96641570887841 -0.6118197710770502 0.7869110820687856 -0.016626348103297706 -0.07855622944940065
59.29235281747237 58.51836176929393 40.47286322551496 -0.3782284535884679 0.5692741799207908 0.5410806482049523 -0.49000191541431337
58.80875528207807 58.64105234484927 40.50573337048655 -0.37937553715521855 0.5703509023879687 0.5374775754445489 -0.491825076472996
58.3243365620015 58.761016762444015 40.536507420439975 -0.3805154956011329 0.5714169129913057 0.5338644082202256 -0.49363900047563003
57.83911920833987 58.87823862563111 40.56519808959489 -0.3816483075164444 0.5724721917098629 0.5302412143915324 -0.4954436533545793
57.353125832187246 58.99270174399619 40.59181824868362 -0.3827739516256068 0.5735167187242594 0.5266080620063298 -0.4972390012163305
56.86637910293586 59.10439013437386 40.6163809239843 -0.3838924067876936 0.5745504744170434 0.5229650192995127 -0.49902501034212954
56.378901746573156 59.21328802204842 40.6388992963422 -0.3850036519967956 0.5755734393730618 0.5193121546917274 -0.5008016471886149
55.89071654397447 59.31937984193894 40.659386700179596 -0.38610766638241467 0.5765855943798239 0.5156495367880874 -0.5025688783884472
55.40184632919164 59.422650239768586 40.677856622493984 -0.3872044292098563 0.5775869204278629 0.5119772343768844 -0.5043266707509366
54.912313987737626 59.52308407321808 40.69432270184491 -0.3882939198806187 0.5785773987110924 0.5082953164282966 -0.5060749912626656
54.422142454867235 59.62066641306326 40.70879872732936 -0.38937611793277965 0.5795570106271599 0.5046038520930936 -0.5078138070881094
53.93135471385412 59.71538254429665 40.721298637545864 -0.3904510030413812 0.5805257377777963 0.5009029107013369 -0.5095430855702521
53.43997379426419 59.80721796723289 40.731836519547386 -0.39151855501881094 0.581483561969161 0.4971925617610788 -0.5112627942312006
52.94802277022553 59.89615839859801 40.74042660778303 -0.3925787538151815 0.582430465212184 0.4934728749570565 -0.5129729007727944
52.45552475869495 59.9821897726025 40.747083283028665 -0.3936315795187065 0.5833664297229036 0.48974392014938295 -0.5146733730772123
51.962502917721366 60.065298241997944 40.75182107130662 -0.39467701235607555 0.5842914379228006 0.48600576737223544 -0.5163641792075749
51.46898044470605 60.1454701791173 40.754654642794414 -0.3957150326928246 0.5852054724391279 0.48225848683254 -0.5180452874085456
50.97498057465994 60.222692176898676 40.755598810722624 -0.39674562103370536 0.5861085161052372 0.47850214890865267 -0.5197166661069259
50.48052657845812 60.296951049892535 40.75466853026212 -0.39776875802305117 0.5870005519609017 0.4747368241490379 -0.521378283912249
49.98564176109163 60.36823383525222 40.751878897400516 0.08410217767283722 0.0794234592001693 0.7491447745632297 -0.6522276018262133
49.996844295701756 60.48258726634168 41.23849763523988 0.08079764183190137 0.07946298351688286 0.7475137808158963 -0.6545078477874224
50.00523250010813 60.594869632247 41.72565501056488 0.07749158851578604 0.07950101542487703 0.7458687478765392 -0.6567758013179209
50.0108167110941 60.705061555219714 42.21332965282059 0.07418407981607873 0.07953755420986765 0.744209706640821 -0.6590314198228618
50.01360747609128 60.813143814554614 42.70150015259274 0.0708751778517008 0.07957259918561316 0.7425366882674963 -0.6612746609390644
50.013615552387144 60.91909734803362 43.19014506321608 0.06756494476774073 0.07960614969392751 0.7408497241778269 -0.66350548253581
50.01085190631693 61.022903253357846 43.67924290238552 0.06425344273428701 0.07963820510469251 0.7391488460549915 -0.6657238427156332
50.005327712439765 61.12454278956765 44.168772153770014 0.06094073394526053 0.07966876481586965 0.737434085843491 -0.6679296998151089
49.997054352699216 61.22399737845049 44.65871126862894 0.05762688061724647 0.0796978282535115 0.7357054757485482 -0.6701230124056343
49.986043415568204 61.32124860593664 45.14903866743094 0.05431194498832576 0.07972539487177231 0.7339630482355031 -0.6723037392942074
49.97230669517843 61.41627822348249 45.63973274147507 0.05099598931690628 0.07975146415291845 0.7322068360292031 -0.6744718395242009
49.955856190434375 61.509068149441525 46.13077185451413 0.047679075880553465 0.07977603560733801 0.7304368721133886 -0.6766272723761304
49.93670410411185 61.59960047042263 46.622134344380086 0.04436126697482075 0.07979910877355005 0.7286531897300733 -0.6787699973684206
49.91486284194129 61.68785744263585 47.113798524611425 0.04104262491207947 0.07982068321821321 0.7268558223789195 -0.680899974258164
49.8903450116758 61.7738214932254 47.60574268608233 0.03772321202034873 0.07984075853613398 0.7250448038166103 -0.6830171630418782
49.86316342214396 61.857475221589766 48.09794509863357 0.03440309064212464 0.07985933435027415 0.7232201680562135 -0.6851215239562564
49.83333108228762 61.93880140068897 48.59038401270497 0.031082323133209567 0.07987641031175796 0.7213819493665449 -0.6872130174789141
49.80086120018457 62.0177829783387 49.083037660969325 0.027760971861540935 0.07989198609987869 0.7195301822715232 -0.6892916043291316
49.765767182056315 62.09440307849136 49.575884259967644 0.02443909920601997 0.07990606142210464 0.7176649015495227 -0.6913572454685921
49.72806263126093 62.16864500250387 50.06890201174565 0.49365066281944725 0.431267029896038 -0.5207863040699725 0.5468998057374937
61.9985590903185 46.0825490187392 48.51972348064825
62.08654037237137 64.54237844929054 52.18638224819506
63.25220599715393 59.313097077014575 34.5070099917004
48.12074457397734 56.65709247992155 41.41539785152047
54.30282899662944 59.41824657354853 52.09232265911928
0 0 214.7660979980589 217.47429121156307
1 0 210.32285583062372 216.50668481203772
2 0 205.48979685301612 215.4541878695368
3 0 200.21326809656878 214.30511635832426
4 0 194.42929700991152 213.0455389535325
5 0 188.06098505159926 211.65870943291836
6 0 181.0150692985956 210.12431789714068
7 0 173.1773248226881 208.41748954366602
8 0 164.40632472270067 206.50742578680254
9 0 154.52483003344116 204.35552923516295
10 0 143.30768824691302 201.91276834839968
11 0 130.46446901110772 199.11589600726282
12 0 115.61395812784028 195.8818950625956
13 0 98.24567862073644 192.09959876486312
14 0 77.66002781789774 187.61665439572488
15 0 52.87175081868287 182.2185026511638
16 0 22.447574716969143 175.59301918954594
17 0 -15.781108950324665 167.26794538803034
18 0 -65.25920536062625 156.4930830422815
19 1 237.04613933737028 196.66669054116824
20 1 233.25441557426913 194.6751253844367
21 1 229.10173817233203 192.49397292250734
22 1 224.5339897319098 190.0948085299991
23 1 219.4856653971143 187.44322643351342
24 1 213.87671133824105 184.49717915600195
25 1 207.60824802621747 181.20473120924922
26 1 200.55669068444 177.50097091973586
27 1 192.56551940643988 173.30368776487802
28 1 183.43352456734064 168.50719839242248
29 1 172.8976309930972 162.97332518633925
30 1 160.60714099200746 156.51786767555583
31 1 146.08394022558423 148.88970106381709
32 1 128.65884971059558 139.73734575242668
33 1 107.36559046096085 128.55327332407558
34 1 80.75531571840011 114.57649144347991
35 1 46.55238576639738 96.61174300546992
36 1 0.9664604603150337 72.66818958513696
37 1 -62.819335373711226 39.16533536520336
38 2 283.5763418650479 217.09766557517833
39 2 281.90853612519163 216.04060488154116
40 2 280.08293666900556 214.8835340181048
41 2 278.0760378783891 213.61155504778935
42 2 275.8594215401406 212.20665641478766
43 2 273.39840269805785 210.6468546812295
44 2 270.6502014483838 208.90503580519828
45 2 267.56143506589297 206.94736564210103
46 2 264.06461619512083 204.73107048689886
47 2 260.0731650272076 202.20127577559344
48 2 255.47414376968572 199.28640116858614
49 2 250.11739996780585 195.89127955248017
50 2 243.7988619313161 191.88656962733018
51 2 236.23394888597215 187.0919031743264
52 2 227.01352429471154 181.24796812772624
53 2 215.52737860597085 173.96801169226995
54 2 200.82340336077954 164.64858443496547
55 2 181.32912944079234 152.2930503224674
56 2 154.24815348890002 135.12903982652963
57 3 467.1394935329455 277.19597630960453
58 3 473.4540937703385 278.7761810357204
59 3 480.337006232621 280.49860373762544
60 3 487.8685679840953 282.3833484605355
61 3 496.145006881748 284.4544958601814
62 3 505.28257500332796 286.7411375774863
63 3 515.4230430769849 289.2787511987146
64 3 526.7411090914898 292.111054232041
65 3 539.4545470654932 295.292543798512
66 3 553.8383560431421 298.8920373644598
67 3 570.2448781677382 302.99770721302565
68 3 589.1330459167929 307.7243994536492
69 3 611.1119869881338 313.2245459792025
70 3 637.0079425435449 319.7049105023003
71 3 667.9704632820188 327.45316371929204
72 3 705.6476964078963 336.8817482082859
73 3 752.4895836180883 348.6037525738846
74 3 812.3029441979857 363.57181888369234
75 3 891.3418107742384 383.35099504927643
76 4 528.6568067907698 334.26218651150816
77 4 538.0388047119576 338.4882152083319
78 4 548.3064469005828 343.1131736555999
79 4 559.5913504856338 348.1963474946831
80 4 572.0525716506711 353.80938201923647
81 4 585.8841492938119 360.0396801426514
82 4 601.3252822132711 366.99498661119543
83 4 618.6742786873518 374.80967145513296
84 4 638.3080172422102 383.6534959001784
85 4 660.7096379118744 393.74408562324413
86 4 686.5088330040971 405.36507933168065
87 4 716.5419744082644 418.8932125178057
88 4 751.9444898782006 434.8399274470236
89 4 794.2976485489042 453.91749125028474
90 4 845.8712133582846 477.14829632110366
91 4 910.0439296115619 506.0542652541199
92 4 992.0750627381531 543.0043824400395
93 4 1100.6241747162662 591.8992624099303
94 4 1251.0289407555495 659.6476101244014
