96 5 95
49.993832543471726 49.985661869305666 49.99894783767675 0.062227901297451975 0.7130954258754586 -0.08326293812464532 0.6933180258946571
50.492828311835694 49.98214936019837 49.99864261428471 0.06389807699822316 0.7132075852315469 -0.08662142520867729 0.6926389426093025
50.99191884861458 49.98072438763036 49.998627397243595 0.06566265830310769 0.7133210511723693 -0.09031622784015386 0.6918847246815328
51.49086662543227 49.97920682968415 49.998639320935204 0.0674661420957403 0.7134307108641277 -0.09429482399244214 0.6910668756602774
51.989638508352584 49.97753041098386 49.99868039252913 0.06929240371557288 0.7135342102493343 -0.09858062566582816 0.6901806675317056
52.488466316399226 49.97588367922507 49.99911224428823 0.07365086864183913 0.7136500173296789 -0.10230504840115089 0.6890666726705695
52.98706369619212 49.97157004999992 49.997196012918714 0.07801473476618853 0.7136866150193464 -0.10645416126671935 0.6879190564671019
53.4853724622011 49.96454257030409 49.9929029322125 0.0823537951185104 0.7136344086824659 -0.11107763373563322 0.6867354239135319
53.98331327812331 49.95478412841871 49.986259389954775 0.08662523954915657 0.713484560890595 -0.11623077404701189 0.6855116748883555
54.480794615749275 49.942277546563275 49.9773070747104 0.09076700981910373 0.7132280800187865 -0.121972785256317 0.6842438859485926
54.9777117586139 49.927007223193726 49.9661076165938 0.09468950057096491 0.7128565097946451 -0.12836427319689928 0.6829290653440152
55.47394713411805 49.90896337305118 49.9527505172699 0.09826364056479422 0.7123632322640553 -0.13546226999757463 0.6815664719367912
55.96937445237874 49.888149176924976 49.93736418300448 0.10130379432502779 0.7117457136234834 -0.14331098759371008 0.6801599379769925
56.46387104345518 49.86459196774073 49.92013069881565 0.10354348269566173 0.7110092106476272 -0.15192547437250054 0.6787218132653333
56.9573465582813 49.83835907620888 49.90130420097837 0.10460165545800679 0.7101725967983595 -0.16126393203683353 0.6772793520078243
57.44980209268361 49.80957632324195 49.881230134871075 0.10393781337464414 0.7092769050317739 -0.1711831584623319 0.6758842572499422
57.94144010226023 49.77843857097311 49.86035613682877 0.1007964852981156 0.7083967749154525 -0.18137279058822237 0.6746243315173069
58.43282036503659 49.745165733415824 49.83920374252374 0.09411806103804589 0.707668810546393 -0.19128109425628415 0.6736157570502715
58.923918598395936 49.70917484216498 49.81777812526035 0.08111742645252412 0.7080484230301534 -0.2002261387998212 0.6723071374837152
59.473603401302405 49.73071666038743 49.72627472680912 0.5541224223385585 -0.47885720013802596 -0.5342250180003014 -0.42219397565597305
59.509483317081155 50.23269857218611 49.75409449735369 0.5561944827117431 -0.4788043262793136 -0.5347662892964734 -0.4188306702825255
59.549231550880755 50.72942821236825 49.78216311080473 0.5581741081095866 -0.47923197559028163 -0.5354164081449846 -0.4148585885540115
59.59125902954741 51.225883685991114 49.80756575157506 0.5603033341624797 -0.47959087036451004 -0.5359848846978021 -0.4108198804402049
59.635512523898285 51.722148893826784 49.83022366260675 0.5625968582873564 -0.4798677678075862 -0.5364459376642059 -0.40674003543803233
59.68197882275903 52.218190512440806 49.8501163416742 0.5650642649449052 -0.48006329523002195 -0.5367730480409291 -0.40263668977381734
59.73064764288245 52.71397171908055 49.867223147681194 0.5677153649979187 -0.48017972647404666 -0.5369339773901234 -0.39853305829330166
59.78151127986435 53.20945520923548 49.8815216748575 0.5705603791827265 -0.48022096134948494 -0.5368893238304001 -0.3944598026977851
59.83456528648897 53.70460377278134 49.89298714406364 0.5736100902117709 -0.48019276117420057 -0.5365908186984903 -0.39045700123269006
59.889809278948704 54.199381066073045 49.901591610784926 0.5768761713523388 -0.4801028697646564 -0.5359791681991226 -0.3865765753717945
59.94724782705509 54.69375271354416 49.90730287894799 0.5803718475986142 -0.47996085184257653 -0.5349812838386907 -0.38288526369635245
60.00689137898416 55.187687806682774 49.910082984744875 0.5841131606741933 -0.4797773563032836 -0.533506671124004 -0.3794682276186244
60.06875713303728 55.68116083131006 49.909886034421 0.5881213191422844 -0.47956228187418587 -0.5314426114001253 -0.3764333706808931
60.13286972330613 56.174153958249896 49.90665503633485 0.5924269935081633 -0.4793209186375054 -0.5286475187740806 -0.37391645485774616
60.19926155356848 56.666659421041985 49.90031709678821 0.5970781117665547 -0.47904641789611047 -0.5249413463427932 -0.37208714147361555
60.267972655326666 57.15868128185181 49.890775805553986 0.6021540196945926 -0.4787056266269614 -0.5200908271966034 -0.37115628927351507
60.33905014555049 57.65023512205893 49.87789831701317 0.6077914200784901 -0.4782127470567553 -0.5137848360291253 -0.3713856492891572
60.412544057850226 58.14134412848482 49.86148452967708 0.6142327843040735 -0.4773757703857537 -0.5055893646128218 -0.37310836887568855
60.488314568439634 58.63207952596801 49.840877243135864 0.6219140578429092 -0.47556564499695547 -0.49488512345864727 -0.37702644010111
60.590553904499494 59.1757662681892 49.851567710939456 -0.6349526866285239 0.7639485383496858 0.10104174012471666 -0.05484781900100771
60.5089703063364 59.16929489257721 49.36158434252036 -0.6294763157356245 0.7684458142235918 0.10148501151028656 -0.05432670585359137
60.42449011249295 59.15937754384785 48.86911185799687 -0.6265137814038042 0.7707912592266483 0.1026661856673512 -0.05311281136807856
60.34190141468155 59.14665488889581 48.376345170996245 -0.6234846098485987 0.7731540614508267 0.10404569813393844 -0.051712969783735914
60.26130861568627 59.13113450528743 47.88336751314391 -0.6203077230060566 0.7755966917689798 0.10562596870498206 -0.05011242591602821
60.18270797834001 59.11282332591814 47.390212811561774 -0.6169576500717165 0.7781340226001457 0.10742407597434625 -0.04827803632252565
60.10609480009144 59.091731956095565 46.8969148884942 -0.6134049501838728 0.7807825954204872 0.10945931830484935 -0.04616885762725835
60.03146656680876 59.06787531414073 46.403508873264784 -0.6096132479683203 0.7835625267054673 0.11175314514642656 -0.043734302261962184
59.9588239795656 59.041273704185365 45.91003154325646 -0.6055370524001193 0.7864985271221059 0.11432941391197167 -0.04091124686291252
59.888172358343866 59.01195426114621 45.41652172874392 -0.6011187662099194 0.7896212242084987 0.11721469042939775 -0.03762004169690048
59.819523699593134 58.97995290816502 44.923020843854815 -0.5962844414724489 0.7929689429961038 0.12043859695758792 -0.03375891977565707
59.75289974563802 58.945317053610594 44.429573602321575 -0.5909376184219959 0.7965901294426192 0.12403422862543266 -0.029196008933153144
59.68833665359535 58.908109379645 43.93622901909773 -0.5849501515840639 0.8005466817475392 0.12803868153486564 -0.023757662671189558
59.6258922620639 58.868413280649136 43.44304188803337 -0.5781481446992908 0.8049185685767345 0.1324937848866034 -0.01721097636891324
59.565657713383445 58.82634085935396 42.95007512243522 -0.5702896425363035 0.8098102622638428 0.13744724032583872 -0.00923682168241221
59.5077766565667 58.78204499164705 42.45740380765446 -0.5610278359105747 0.8153596525046093 0.14295463770274902 0.0006131560454631232
59.45247815982018 58.73573801396168 41.96512299772959 -0.5498484779982413 0.8217493324023605 0.14908384899745716 0.012988144878919493
59.40013207271474 58.687721992058144 41.47336583961519 -0.536000530426602 0.8291871006555624 0.15594288886688534 0.028879039123103988
59.35117953094764 58.63850768879083 40.98243108066034 -0.5202276637619346 0.8364961310141523 0.1645462225624831 0.05061562303846044
59.299647574770624 58.5093406757204 40.4683505719898 0.47710278335728956 -0.5173682080183394 -0.46438795763132623 0.5376308178030953
58.817516068956415 58.62201692197925 40.500953974892575 0.47678461721020754 -0.5207448975280283 -0.4572553500738188 0.5407575476302746
58.33389469405118 58.741164178878876 40.53159195686359 0.4782753262100683 -0.5209244228686302 -0.45303175593952816 0.5428192020442767
57.849533446513576 58.85776319922718 40.56019276649276 0.4798344426874847 -0.5210189988074182 -0.44887224827080885 0.5448043825308453
57.36447823990236 58.97160250735546 40.58671356144768 0.48141234431715557 -0.5211101027485275 -0.4447240235875092 0.5467238410720865
56.87875828695015 59.08266997007071 40.611163028849646 0.4829972465360137 -0.5212101083827853 -0.4406053988951787 0.5485622710528452
56.39240161902027 59.19096087142044 40.63355212532363 0.48457476462784616 -0.5213328535897042 -0.4365419827725144 0.550300327576611
55.90543469894691 59.29647429546776 40.65389161940436 0.48612605387655944 -0.5214960506615813 -0.4325665225204584 0.5519144249621815
55.41788133318559 59.39921380162557 40.67219188993892 0.4876266828344955 -0.5217222180665996 -0.42872054562983325 0.5533758570071085
54.9297611338518 59.499188256011244 40.68846276562788 0.48904531842794396 -0.5220397031652545 -0.42505634817434274 0.55464973246143
54.441087413021584 59.596412660546356 40.70271330852912 0.4903422033537066 -0.5224837996145966 -0.4216392985301137 0.5556937148155987
53.951864378285634 59.69090885395074 40.71495151152364 0.4914674670545749 -0.5230978789475301 -0.41855041760223194 0.5564565443882863
53.46208352205699 59.78270587748014 40.72518386564593 0.4923593886439538 -0.5239343741775705 -0.4158891288233079 0.5568763206457067
52.97171917719947 59.87183968571203 40.73341472328775 0.49294287086486044 -0.5250553233786588 -0.4137759682199621 0.5568785159968683
52.480723389281515 59.95835174696295 40.73964532487483 0.493128636966523 -0.526531978559009 -0.41235491233606875 0.5563736597203247
51.98902058491235 60.04228594229653 40.74387223528446 0.492814114600326 -0.5284426675271696 -0.41179486765802237 0.5552545205200744
51.49650305190633 60.123682961115705 40.7460846754527 0.491887823740638 -0.5308672015194331 -0.41229031099382496 0.5533923406293583
51.003029360673885 60.20256502400855 40.74626083872066 0.49024140601942445 -0.533857652088989 -0.41407927213827733 0.5506339324047913
50.50845430935418 60.27861769569676 40.74445565379087 0.4877921127958569 -0.5366390097194641 -0.4182167615828316 0.5469663319370179
49.989893569023934 60.35263095178695 40.748651716646975 0.05597143459872586 0.02124648518495152 0.7456658234530928 -0.6636250937918692
50.00189906678989 60.46731316007145 41.23589670915435 0.053262388648113494 0.018218371363714056 0.7449581772870336 -0.6647319181395847
50.01123382669975 60.57831636963222 41.72249631998618 0.050092077525329855 0.015517344686629865 0.7424726030413037 -0.6678206567006919
50.017865337727 60.68698129474733 42.209430018024236 0.04662462525205643 0.012627388354317426 0.7398106220300157 -0.6710789349361339
50.02184044705885 60.793273279021186 42.696648642957506 0.042808189801138055 0.009532164116872925 0.7369885229777337 -0.674480921696305
50.02319246411516 60.897126749224434 43.184058756338835 0.03857690657186578 0.0062380209429592735 0.7339819942098336 -0.6780437607926324
50.02195649476139 60.99847479667972 43.671539544459115 0.03385718244860661 0.0027715534195939186 0.7307641504800412 -0.6817842518432556
50.018169061689456 61.097259050537794 44.158935346024506 0.0285732533485616 -0.0008058824014290324 0.7273094375706739 -0.6857141545624271
50.01186519840113 61.19344995174283 44.646049193226986 0.022660785361244416 -0.004373813050338823 0.723600313954375 -0.6898332727633122
50.00307200754917 61.28708690007759 45.13264590022114 0.016096686837601033 -0.007713316900982269 0.7196406336493352 -0.6941172522103314
49.9917955055611 61.378351347458924 45.61848534450177 0.008959671338629589 -0.010446110844427325 0.7154804794819454 -0.6984971628704124
49.9779956345338 61.46768394665971 46.103432537080465 0.0015450519482921488 -0.011948336524681694 0.7112573914472874 -0.7028284094858219
49.961545164850875 61.555926234209586 46.58773091380288 -0.005438338196093858 -0.011254125268302132 0.7072500420504626 -0.7068529883658475
49.94219018224267 61.64434853229688 47.072531963350436 0.01059719378729776 0.007032113973241579 -0.7038965549519036 0.710188629016083
49.91964978580781 61.73411555870054 47.56049401895763 0.01174888962216642 -0.002076000273315045 -0.7015817014440267 0.7124891367694078
49.894363074506124 61.82419648235275 48.05463616358146 0.007465479187169839 -0.015857519827975515 -0.6996930625437897 0.7142285515950086
49.86583393506913 61.90833463619517 48.54666150952483 0.008168149837944644 -0.028492145016777024 -0.697844198233174 0.7156360485560145
49.79664288056767 62.00362515556426 49.0603492122688 0.00882851297060787 0.06703641489427015 0.7256052801217845 -0.6847810992545267
49.76526007327321 62.095429682472165 49.57640501072448 0.025057416199431963 0.08050329057763765 0.7181304163468963 -0.690782202446628
49.72805239405371 62.16869146896318 50.06891166795945 0.4936479807463897 0.43124683333386993 -0.5208050087486717 0.5469003407448358
61.594921838504 47.954558331141364 47.86704862057895
55.644638573185816 64.94217521604241 50.22386169716755
55.637890813906616 58.47016623463088 33.99825062919795
45.74596578132253 55.3956240599827 40.73674050738905
49.20554258377045 60.05739454053666 49.84423244689395
0.0 0.0 454.69229377932174 268.08356154477127
1.0 0.0 460.52505136213745 269.2824994511901
2.0 0.0 466.8878990656873 270.5903987074582
3.0 0.0 473.8565400270228 272.0228202826979
4.0 0.0 481.5218129674448 273.5984363032222
5.0 0.0 489.9936738444826 275.33984849105474
6.0 0.0 499.40650423001756 277.2746793143274
7.0 0.0 509.92629249948664 279.4370480986784
8.0 0.0 521.7605068458961 281.86960044997073
9.0 0.0 535.1719157457255 284.62634908561813
10.0 0.0 550.4983286636211 287.77673158579785
11.0 0.0 568.1814431834856 291.4115399933808
12.0 0.0 588.810107699696 295.6518135682931
13.0 0.0 613.1871676525986 300.6625791983764
14.0 0.0 642.4363927953877 306.6748305664749
15.0 0.0 678.1806365623197 314.02214925407304
16.0 0.0 722.8535037510132 323.20476881274254
17.0 0.0 780.2779078542843 335.0084986704288
18.0 0.0 856.8225438543907 350.74244000616
19.0 1.0 296.8933522039625 263.875447069096
20.0 1.0 295.86688844537997 264.89185776257534
21.0 1.0 294.7471014573733 266.000677688766
22.0 1.0 293.5206581014033 267.2151094030196
23.0 1.0 292.1715583489866 268.55099623142564
24.0 1.0 290.68043339590344 270.0275172824177
25.0 1.0 289.0236097889099 271.668114154228
26.0 1.0 287.1718432060156 273.5017447534033
27.0 1.0 285.08857734599553 275.5646073530616
28.0 1.0 282.7275062823858 277.90255436487956
29.0 1.0 280.0290919652758 280.5745407301222
30.0 1.0 276.91547417305026 283.6576641165685
31.0 1.0 273.28283502284444 287.25472562697144
32.0 1.0 268.98959792379173 291.5059152677485
33.0 1.0 263.8375445094649 296.6075100780023
34.0 1.0 257.5403401072254 302.8430404023263
35.0 1.0 249.6684475052164 310.63783661573706
36.0 1.0 239.5468106792133 320.66034332329957
37.0 1.0 226.05018869933738 334.02478097781267
38.0 2.0 465.5560780385854 277.27906593587863
39.0 2.0 471.7104822529782 278.83951925474605
40.0 2.0 478.4102606186152 280.53825255566977
41.0 2.0 485.7312667402757 282.394498571048
42.0 2.0 493.7641049353791 284.4312300863684
43.0 2.0 502.6178990403588 286.676115523593
44.0 2.0 512.4252789594817 289.1627832839586
45.0 2.0 523.3490701269549 291.93251786558295
46.0 2.0 535.591405301179 295.03657016501256
47.0 2.0 549.4063477660657 298.5393580983888
48.0 2.0 565.117713017986 302.5229853021337
49.0 2.0 583.1447706484818 307.0937578625604
50.0 2.0 604.0402149408852 312.39181178612887
51.0 2.0 628.5478272484652 318.60573333412265
52.0 2.0 657.6928717164199 325.9954789186261
53.0 2.0 692.9291685452918 334.92966562716606
54.0 2.0 736.3891420049822 345.9489710644763
55.0 2.0 791.3320708375943 359.87978754296546
56.0 2.0 863.0017324549824 378.05167834458257
57.0 3.0 411.23906773183757 245.6256162297445
58.0 3.0 415.1059852256867 245.8440484393869
59.0 3.0 419.3171569106264 246.08192668162715
60.0 3.0 423.92069550834356 246.34196872019479
61.0 3.0 428.974117424421 246.62742350870266
62.0 3.0 434.54675822558715 246.9422076347354
63.0 3.0 440.7229729795842 247.29108609880592
64.0 3.0 447.60643602324126 247.67991519717935
65.0 3.0 455.32600756075334 248.1159739108999
66.0 3.0 464.0438762724053 248.60842386078565
67.0 3.0 473.96707931960793 249.1689600428424
68.0 3.0 485.3641554784965 249.8127515208888
69.0 3.0 498.58981391487794 250.55983490211676
70.0 3.0 514.1225123772131 251.43723703242694
71.0 3.0 532.6235794753989 252.48231466168255
72.0 3.0 555.0338135317054 253.74821106400003
73.0 3.0 582.73854692172 255.31318009723134
74.0 3.0 617.8653725212628 257.2974040031295
75.0 3.0 663.8581619690592 259.89541822057254
76.0 4.0 286.8886366948203 172.2458621446096
77.0 4.0 285.40999971098154 169.24321415271868
78.0 4.0 283.79527920232056 165.96422319970708
79.0 4.0 282.0247827098174 162.36890007714942
80.0 4.0 280.0748256515044 158.4091488269026
81.0 4.0 277.9166656944235 154.0266027847465
82.0 4.0 275.5150765347031 149.14972837500466
83.0 4.0 272.8264102223529 143.68989029988492
84.0 4.0 269.79592044732465 137.53591597292717
85.0 4.0 266.3539956117379 130.54644607005565
86.0 4.0 262.41074591507595 122.53894259718352
87.0 4.0 257.8480394469382 113.2735166921901
88.0 4.0 252.50746512663 102.42848513022707
89.0 4.0 246.17156558578347 89.56226019396553
90.0 4.0 238.53349888076391 74.0517421260258
91.0 4.0 229.1458522890441 54.988376002159185
92.0 4.0 217.32973230504666 30.99354202351742
93.0 4.0 202.00282143356299 -0.13060721199815362
94.0 4.0 181.32743105589412 -42.1158409628099
