96 5 95
49.997870169955405 49.99175317403781 49.99827435143287 0.03875045570123662 0.7160835116018637 -0.04868248191852499 0.6952358035581471
50.49764113897649 49.9911786566703 49.998169895184546 0.03994969645900276 0.7163620048741087 -0.05059599348892921 0.6947442300360971
50.997378536856246 49.99054363100205 49.9980567576472 0.04122250123616621 0.7166586970854849 -0.052661727814355706 0.6942101696944349
51.49707606395996 49.98983932368021 49.99793413759678 0.042575516832511845 0.7169754268910095 -0.054898144264273384 0.6936279668217239
51.996725991636566 49.98905558285505 49.99780126693197 0.04401612345553472 0.7173142147597833 -0.05732672356506945 0.6929910136104195
52.49641423704751 49.98838487077041 49.99778436509225 0.04833917374817211 0.7186125450071269 -0.05892684865420343 0.6912213545221303
52.99604236924102 49.98512784871411 49.99527078620315 0.05275683174440943 0.7198840584077696 -0.060729729949314734 0.6894168253349597
53.495575331507396 49.979282098780885 49.9902498541766 0.05727982395786013 0.7211251865285356 -0.06276551508987167 0.6875739794647877
53.99497538142238 49.97084199170315 49.982711808397674 0.0619204664700743 0.7223313876483206 -0.06507059314255532 0.685688734163145
54.49420121591528 49.95979772861036 49.972648134467626 0.06669294653552392 0.7234968013009974 -0.06768930940507145 0.6837562334501235
54.99320675318603 49.94613405908686 49.960052070478675 0.07161365498437508 0.7246137454690986 -0.07067628637990853 0.6817706849378086
55.49193941517296 49.929828536332515 49.94491939044735 0.07670157523302568 0.7256719700847759 -0.07409962337792944 0.6797251694657934
55.99033766948634 49.910849104513346 49.92724964169356 0.08197872865239254 0.7266575198157537 -0.07804539993666376 0.6776114317899906
56.48832745363339 49.88915070111742 49.907048144959504 0.08747066245930042 0.7275509505548459 -0.08262416893601181 0.6754196800977188
56.985816878474296 49.86467036722739 49.88432931409928 0.09320693423100436 0.7283244384798675 -0.08798058708307403 0.6731384671973223
57.48268822212407 49.83732002218205 49.85912233712559 0.09922147277357364 0.7289369137084117 -0.09430818703328692 0.6707548293023264
57.97878554340478 49.80697542866408 49.83148125388343 0.10555252016388292 0.7293255030573255 -0.10187297194769393 0.6682550962497605
58.473894981664266 49.77345861087835 49.80150361775631 0.11224143297362339 0.7293896916193363 -0.11105300749195698 0.6656273492055959
58.967712389071835 49.73650829116614 49.769366921043435 0.11932848960101204 0.7289601285730412 -0.12240901148865989 0.6628679177835396
59.49898046643888 49.741595547425625 49.72771334589338 -0.4236695220310617 0.555885331526741 0.48022534033464703 0.5299804305781952
59.53831539296312 50.238952724215 49.75852952466464 -0.4218645927117246 0.5597829956773802 0.4788459552360116 0.5285639169681755
59.58007075808453 50.73625721829532 49.78662097348022 -0.4199996351939498 0.5637235132955857 0.477422762599119 0.5271466710004493
59.62425542418416 51.23347984636306 49.81196636854299 -0.41806860563919945 0.5677088093071657 0.47595837880653913 0.5257270874301481
59.670884034703555 51.73058915457173 49.83454262452879 -0.4160649929331897 0.5717396253367456 0.4744582353326865 0.5243024941770692
59.719979226314315 52.2275512061312 49.85432441039471 -0.4139820693931495 0.5758144301498974 0.4729323006212094 0.5228686520353315
59.77157414062668 52.72432869525821 49.87128365564388 -0.4118134397436003 0.5799276698776654 0.4713977652168278 0.5214189635076442
59.82571562888962 53.22087971042906 49.88538917956135 -0.40955417258819077 0.5840667348655861 0.46988342964082414 0.519943257950358
59.882468057346834 53.71715601871712 49.89660687427449 -0.4072030652476035 0.5882065815970692 0.4684370280082072 0.5184259173784471
59.941916968617114 54.213100737004254 49.90490162042904 -0.40476714921553303 0.5922999193563458 0.46713774606401215 0.5168429999996432
60.00416982150323 54.70864533971389 49.91024417231466 -0.4022707165463807 0.5962586665825291 0.4661181745616609 0.5151579568227507
60.0693448392746 55.20370629755774 49.91263221304616 -0.3997736616642694 0.5999174331990924 0.46560379782646405 0.5133158834800733
60.13751983877516 55.69818249076051 49.91215330129889 -0.39740927422572464 0.6029581797608486 0.46598537380723243 0.5112386268823991
60.20855156373642 56.19195465134166 49.909180060091025 -0.39546197921936127 0.6047472718065213 0.4679507764879521 0.5088345811939256
60.281472331593264 56.684868322018716 49.90502044418947 -0.39451760161918853 0.6039721878787213 0.47270183259728243 0.5060893554905147
60.35249326257067 57.1764558936044 49.90426374868415 -0.3956733190812729 0.5978792900869445 0.4821151054147288 0.5035355043919798
60.40878819358094 57.663248187543985 49.92293084763182 -0.40033320646556453 0.5815827689222263 0.497238143930181 0.5042311324329595
60.418732996049066 58.126558960108106 49.99558095164375 -0.4079272099632614 0.55642727584314 0.5072436667919767 0.5164183774506886
60.52043721437306 58.67685018621171 49.87186369567341 -0.4203564477624223 0.5850388882751332 0.4936487691638734 0.48717640412210766
60.59615619220272 59.16802272490234 49.85354253392233 -0.6398373867914066 0.7614645791180095 0.04439083087709397 -0.09385769732215911
60.50944079949044 59.16015903533124 49.36115976118491 -0.6377708519083316 0.7631101971859782 0.04265133539184393 -0.0953521420639889
60.424701288540405 59.14941729671742 48.86848402695777 -0.63566053653893 0.7647592498231713 0.04102493377472306 -0.09693258949248848
60.341919723570555 59.13578965858375 48.37554295123858 -0.6335006742745531 0.7664138715488152 0.03952902301308648 -0.09861100106414944
60.26107623437119 59.119269054563354 47.882364230156746 -0.6312842111666161 0.7680766175746214 0.03818467141885407 -0.10040161918767132
60.18214846336199 59.09984932496385 47.38897566196692 -0.6290024418103385 0.7697505624403871 0.03701758714668278 -0.10232154250780895
60.105110858623604 59.07752546120604 46.895405174528044 -0.6266445172653293 0.771439426357173 0.036059439743429886 -0.10439146156850226
60.029933705321305 59.05229395446165 46.40168086774805 -0.6241967720104521 0.7731477358901243 0.03534965058112728 -0.10663662833894534
59.95658177982328 59.02415330181402 45.907831080793954 -0.6216417896791717 0.7748810279658916 0.034937854706038815 -0.10908814844674586
59.88501245058898 58.993104755685344 45.41388450161162 -0.6189570851880575 0.776646107040063 0.034887341352267114 -0.11178472403861497
59.815172953310785 58.95915345799626 44.919870351206576 -0.616113212986059 0.7784513637370398 0.03527994900599481 -0.11477503333945163
59.74699640981981 58.9223101992599 44.425818704891434 -0.6130709995324317 0.780307155079647 0.03622316895133567 -0.11812101969986409
59.680395896751236 58.88259422388432 43.93176107451795 -0.6097774108103738 0.7822262209276204 0.037860681356651917 -0.12190249122105866
59.615255422220514 58.84003784810768 43.43773151010695 -0.6061592453691228 0.7842240419559463 0.04038836425027026 -0.12622361627287249
59.5514158970113 58.7946943443707 42.94376878709468 -0.6021132875364615 0.7863188640185744 0.04407927189146114 -0.13122214313937905
59.4886528520241 58.74665198475469 42.44992099449545 -0.5974905874914344 0.7885306450462807 0.04932374338007613 -0.13708241324478415
59.4266404025596 58.696060323138646 41.95625579829919 -0.5920708905175455 0.7908769404932983 0.056695768689949425 -0.1440531686925919
59.36489256887068 58.64318231978601 41.46288524395437 -0.5855207274687177 0.7933603562559565 0.0670659835348159 -0.15246959263549248
59.3026702864088 58.588504915937804 40.97003176037352 -0.5773263981728619 0.7959325476975881 0.08179782226489805 -0.16277200545885226
59.29663878572788 58.51421893353516 40.4844594904052 -0.3599162525108616 0.5192264779966205 0.5666306093300416 -0.5289554880101238
58.813804712039406 58.63670284012942 40.5185979770034 -0.35887120849321713 0.5175649128023045 0.5652589110977273 -0.5327479518263516
58.330295937881246 58.75643317782835 40.55079770859089 -0.35766552767444415 0.5156685019379945 0.5640209738572601 -0.53669517183546
57.846170155480436 58.87338844906372 40.58109557719474 -0.3562766242529653 0.5135074208387029 0.5629331587742326 -0.5408173023368976
57.36149404048494 58.98754645387437 40.60953229821249 -0.35467750595549474 0.5110468871867199 0.5620139758478518 -0.5451378145181675
56.876346547508035 59.098883942421004 40.63615301228215 -0.3528359397861804 0.5082461901215479 0.5612841055468081 -0.5496842390706266
56.39082249678186 59.20737635866528 40.66100761897858 -0.35071334296836665 0.5050575357675892 0.5607663540624254 -0.5544890736343303
55.905037112148804 59.31299754581084 40.68415092133541 -0.3482635093082552 0.5014246325327691 0.5604853436206186 -0.5595909627220166
55.41913160259139 59.415719408978994 40.705642479691406 0.34543124340557435 -0.49728090819384374 -0.5604667470029229 0.5650362642602212
54.933279721935904 59.515511508485396 40.72554614752666 0.34215109882348854 -0.49254713257270305 -0.5607357924033382 0.5708811775545659
54.4476949480088 59.61234047481906 40.743929572577386 0.33834665033481115 -0.48712792800454136 -0.5613147121312673 0.5771946984425689
53.96263758339891 59.706168881151406 40.76086483356474 0.33393112449208595 -0.48090593664937065 -0.5622189466821301 0.5840627878768503
53.47842134413382 59.79695249441103 40.77643346291581 0.3288107350872017 -0.4737307105914985 -0.56345271689635 0.5915942445257643
52.99542236970303 59.884632988222826 40.7907430239064 0.32289227964581635 -0.4653955131423394 -0.5650072599768887 0.5999286526458918
52.51410757448118 59.96911896133397 40.80396668532839 0.31609461794913246 -0.4555872615938582 -0.5668722289695294 0.6092456939528739
52.03514142706986 60.050240180886234 40.816408433020015 0.30835419826889443 -0.4437825173162795 -0.5690862279785056 0.6197706276192586
51.55972277061755 60.127653320548184 40.82851487461585 0.2995873998996855 -0.4290618494192202 -0.5718727011873844 0.6317554375159338
51.090382431747834 60.20071307084129 40.84040881452351 0.2895259451026956 -0.40991310259218827 -0.5758819028078186 0.6453727678280848
50.63189826412982 60.268562265908336 40.849670982036876 0.27738093149799065 -0.38455653922977623 -0.5822908558892679 0.6603888597823775
49.97584709257927 60.35380845536997 40.74482541672839 -0.019200669042445665 0.057989816220129234 0.7492231188966884 -0.6594946805197118
49.98657232433791 60.467178769671015 41.23048261106358 -0.025689576150391125 0.05711056926204851 0.7471343889704756 -0.6617164297291492
49.99444504234186 60.57838098781285 41.71651400154587 -0.032517989049869085 0.05617212055649384 0.7449864971325292 -0.6639144465596026
49.999475424903274 60.68738766022741 42.2028647603178 -0.03971923432468597 0.05516938084346042 0.7427716215571505 -0.6660848594971748
50.00167615214195 60.79417323394637 42.68947361857867 -0.04732646324827063 0.054098112810305785 0.7404807817663587 -0.6682228759189975
50.00106328389061 60.89871548430183 43.176271824558334 -0.05536999882197893 0.052956059755886985 0.7381039181617974 -0.6703226275158758
49.997657811623796 61.00099810474675 43.66318295561511 -0.06387236219846255 0.051744900981948436 0.7356303577481337 -0.6723769503254181
49.99148769980841 61.10101466010903 44.150124014916486 -0.07283990132238248 0.05047349030085827 0.7330499839013048 -0.6743771175347599
49.98259033810823 61.19877438336416 44.637009094842426 -0.08224918785957483 0.04916306405468875 0.7303557319279103 -0.6763124788655326
49.97101497297546 61.29431019465725 45.123757720856446 -0.09202578546452263 0.04785529591463383 0.7275484579358119 -0.6781698657547255
49.956823918670054 61.38768876576747 45.6103109864432 -0.10201296135479075 0.04662401297649857 0.7246457947356607 -0.6799323711234198
49.94008991298992 61.47902088772754 46.09665910879949 -0.11192988918733637 0.04559041898199586 0.7216970726094907 -0.6815765173408251
49.92088482283644 61.56846697380402 46.58288205916041 -0.12132634314343335 0.0449382594602255 0.7188058459940873 -0.6830656096312064
49.89925295576406 61.65622646996564 47.069195708349234 -0.1295605828554603 0.04491649480410615 0.7161576958256053 -0.6843352384426992
49.87516415083629 61.742491824740604 47.555971201862675 -0.1358688951917512 0.04579836684241639 0.714039297040888 -0.6852663972465707
49.848455947811516 61.82734154688629 48.043646872276106 -0.13966471579271236 0.04773531944272005 0.712809938569858 -0.6856508571541917
49.81881231776627 61.910552788207156 48.532386679966066 -0.14127987899474065 0.05041661586768953 0.7127491191695647 -0.6851911074719891
49.78589512058743 61.99136620688559 49.02131644314282 -0.14331875276223788 0.0524953540988802 0.7136742757111901 -0.6836468394520797
49.7498207263052 62.06850594731085 49.50745740870437 -0.15210609584289758 0.05114634547423316 0.7142975441152473 -0.6811951302108582
49.728062497125144 62.16864476898895 50.06890194571528 0.49365081246409426 0.43126708507881634 -0.5207861357256296 0.5468997874539052
64.46143508063535 47.951332662081 47.86048187497304
60.25806782151376 58.73750986843316 50.378206937847715
59.49831991941506 56.5618001686615 34.97579292817704
48.47561106944256 60.54601949375373 43.1112352976079
47.32396532437461 58.93119908602504 51.89762444072472
0 0 364.06311700773176 255.3502020130586
1 0 365.88834272847214 255.97240199630622
2 0 367.87320511646743 256.6490204169904
3 0 370.03960496037064 257.38752302040405
4 0 372.41364116589534 258.1968066451754
5 0 375.026667297925 259.0875593872061
6 0 377.9166841150395 260.0727352998404
7 0 381.1301997309892 261.1681885030743
8 0 384.72475147083725 262.3935328574202
9 0 388.77238133517517 263.7733267125945
10 0 393.3645140631034 265.3387357871658
11 0 398.6189458068841 267.1299155332138
12 0 404.69009162652264 269.1995043979493
13 0 411.78441404752414 271.6178832545161
14 0 420.18436999762264 274.48133865734263
15 0 430.286919210276 277.92518994622407
16 0 442.6680892346021 282.1457987696615
17 0 458.1967812984873 287.4393642899237
18 0 478.2480097534763 294.27461423573743
19 1 390.8155474715546 320.74070386628046
20 1 393.8082284221477 324.1558067070845
21 1 397.0669746707552 327.87453040493585
22 1 400.628918795587 331.9392488631757
23 1 404.53844022717556 336.4006057427175
24 1 408.84902381230114 341.31963536536017
25 1 413.625721291038 346.7705716324096
26 1 418.9484569095366 352.84462023019984
27 1 424.9165353770836 359.6551028927843
28 1 431.654895307463 367.3445935269391
29 1 439.32295103413867 376.09500806425353
30 1 448.12736533289154 386.14218007479747
31 1 458.34095509324004 397.79743500548454
32 1 470.3314643893758 411.48042461779363
33 1 484.60678582535115 427.77073140099037
34 1 501.88875524732686 447.49207953066036
35 1 523.2390623579611 471.8560179755907
36 1 550.2859457479284 502.72061390977075
37 1 585.6602789470733 543.088093034469
38 2 224.37794127901205 165.6686325790153
39 2 220.20425091459728 162.41939966290062
40 2 215.65165896510044 158.8751905040072
41 2 210.66611506209316 154.9939266966817
42 2 205.1827752085882 150.7251269567302
43 2 199.1231658986139 146.00769937833715
44 2 192.39140454088113 140.76699902033602
45 2 184.86908830114675 134.91084885165998
46 2 176.40826990383886 128.32407138771737
47 2 166.82162945051545 120.86083741581656
48 2 155.86844330846986 112.33374272462805
49 2 143.2340922457358 102.49785511379886
50 2 128.4993495854581 91.02680511199384
51 2 111.09296372199472 77.47587129563505
52 2 90.21587657740025 61.2229840855118
53 2 64.71509150421244 41.370531456772824
54 2 32.86330107492114 16.57379838274369
55 2 -8.049556893743272 -15.277008264900445
56 2 -62.531123428839464 -57.69110319073474
57 3 371.7943286596795 258.24268688759724
58 3 374.00735988474634 259.0081734652528
59 3 376.4199582549012 259.8426902351513
60 3 379.0603933238931 260.75601562414266
61 3 381.9625385936026 261.75986646239824
62 3 385.16733252585345 262.8684033467867
63 3 388.7247217811089 264.09890280632857
64 3 392.69628318695425 265.4726642400009
65 3 397.15881810782287 267.01625320772587
66 3 402.20936767219666 268.7632361953678
67 3 407.97235035137805 270.75664950025305
68 3 414.6099492315438 273.05259218424067
69 3 422.337616877732 275.72558919970817
70 3 431.4479024903359 278.8768331930441
71 3 442.3483249010303 282.64728475814127
72 3 455.62400371272514 287.2393365215824
73 3 472.1462396317464 292.95437103425047
74 3 493.27185178776654 300.26171146714546
75 3 521.2360993012452 309.9345330176678
76 4 304.93295984037667 234.87521241524328
77 4 304.2835546650312 234.640564972293
78 4 303.57760874683873 234.3854878480971
79 4 302.80740188823154 234.10719152897892
80 4 301.96374136037997 233.80235443636855
81 4 301.03559324003663 233.46698971895336
82 4 300.00959714987806 233.0962699153968
83 4 298.86941898666856 232.68429307772757
84 4 297.59487481325573 232.2237662101069
85 4 296.1607256182215 231.7055697832845
86 4 294.53498905292406 231.11814772007892
87 4 292.67652613728 230.44663540768966
88 4 290.5315116669031 229.67158436148028
89 4 288.02813558239467 228.7670476881156
90 4 285.06840659724867 227.6976185173042
91 4 281.5150238125963 226.41368636539508
92 4 277.16946800634435 224.8435209327092
93 4 271.7336020818824 222.8793973195627
94 4 264.7382217764374 220.35177948796135
