96 5 95
50 50 50 0.0 0.7071067811865475 0.0 0.7071067811865477
50.5 50 50 0.0 0.7071067811865475 0.0 0.7071067811865477
51.0 50 50 0.0 0.7071067811865475 0.0 0.7071067811865477
51.5 50 50 0.0 0.7071067811865475 0.0 0.7071067811865477
52.0 50 50 0.0 0.7071067811865475 0.0 0.7071067811865477
52.5 50 50 0.0 0.7071067811865475 0.0 0.7071067811865477
53.0 50 50 0.0 0.7071067811865475 0.0 0.7071067811865477
53.5 50 50 0.0 0.7071067811865475 0.0 0.7071067811865477
54.0 50 50 0.0 0.7071067811865475 0.0 0.7071067811865477
54.5 50 50 0.0 0.7071067811865475 0.0 0.7071067811865477
55.0 50 50 0.0 0.7071067811865475 0.0 0.7071067811865477
55.5 50 50 0.0 0.7071067811865475 0.0 0.7071067811865477
56.0 50 50 0.0 0.7071067811865475 0.0 0.7071067811865477
56.5 50 50 0.0 0.7071067811865475 0.0 0.7071067811865477
57.0 50 50 0.0 0.7071067811865475 0.0 0.7071067811865477
57.5 50 50 0.0 0.7071067811865475 0.0 0.7071067811865477
58.0 50 50 0.0 0.7071067811865475 0.0 0.7071067811865477
58.5 50 50 0.0 0.7071067811865475 0.0 0.7071067811865477
59.0 50 50 0.0 0.7071067811865475 0.0 0.7071067811865477
59.5 50 50 0.5000000000000001 -0.4999999999999999 -0.5 -0.5
59.5 50.5 50 0.5000000000000001 -0.4999999999999999 -0.5 -0.5
59.5 51.0 50 0.5000000000000001 -0.4999999999999999 -0.5 -0.5
59.5 51.5 50 0.5000000000000001 -0.4999999999999999 -0.5 -0.5
59.5 52.0 50 0.5000000000000001 -0.4999999999999999 -0.5 -0.5
59.5 52.5 50 0.5000000000000001 -0.4999999999999999 -0.5 -0.5
59.5 53.0 50 0.5000000000000001 -0.4999999999999999 -0.5 -0.5
59.5 53.5 50 0.5000000000000001 -0.4999999999999999 -0.5 -0.5
59.5 54.0 50 0.5000000000000001 -0.4999999999999999 -0.5 -0.5
59.5 54.5 50 0.5000000000000001 -0.4999999999999999 -0.5 -0.5
59.5 55.0 50 0.5000000000000001 -0.4999999999999999 -0.5 -0.5
59.5 55.5 50 0.5000000000000001 -0.4999999999999999 -0.5 -0.5
59.5 56.0 50 0.5000000000000001 -0.4999999999999999 -0.5 -0.5
59.5 56.5 50 0.5000000000000001 -0.4999999999999999 -0.5 -0.5
59.5 57.0 50 0.5000000000000001 -0.4999999999999999 -0.5 -0.5
59.5 57.5 50 0.5000000000000001 -0.4999999999999999 -0.5 -0.5
59.5 58.0 50 0.5000000000000001 -0.4999999999999999 -0.5 -0.5
59.5 58.5 50 0.5000000000000001 -0.4999999999999999 -0.5 -0.5
59.5 59.0 50 0.5000000000000001 -0.4999999999999999 -0.5 -0.5
59.5 59.5 50 0.7071067811865477 -0.7071067811865475 0.0 -1.570092458683775e-16
59.5 59.5 49.5 0.7071067811865477 -0.7071067811865475 0.0 -1.570092458683775e-16
59.5 59.5 49.0 0.7071067811865477 -0.7071067811865475 0.0 -1.570092458683775e-16
59.5 59.5 48.5 0.7071067811865477 -0.7071067811865475 0.0 -1.570092458683775e-16
59.5 59.5 48.0 0.7071067811865477 -0.7071067811865475 0.0 -1.570092458683775e-16
59.5 59.5 47.5 0.7071067811865477 -0.7071067811865475 0.0 -1.570092458683775e-16
59.5 59.5 47.0 0.7071067811865477 -0.7071067811865475 0.0 -1.570092458683775e-16
59.5 59.5 46.5 0.7071067811865477 -0.7071067811865475 0.0 -1.570092458683775e-16
59.5 59.5 46.0 0.7071067811865477 -0.7071067811865475 0.0 -1.570092458683775e-16
59.5 59.5 45.5 0.7071067811865477 -0.7071067811865475 0.0 -1.570092458683775e-16
59.5 59.5 45.0 0.7071067811865477 -0.7071067811865475 0.0 -1.570092458683775e-16
59.5 59.5 44.5 0.7071067811865477 -0.7071067811865475 0.0 -1.570092458683775e-16
59.5 59.5 44.0 0.7071067811865477 -0.7071067811865475 0.0 -1.570092458683775e-16
59.5 59.5 43.5 0.7071067811865477 -0.7071067811865475 0.0 -1.570092458683775e-16
59.5 59.5 43.0 0.7071067811865477 -0.7071067811865475 0.0 -1.570092458683775e-16
59.5 59.5 42.5 0.7071067811865477 -0.7071067811865475 0.0 -1.570092458683775e-16
59.5 59.5 42.0 0.7071067811865477 -0.7071067811865475 0.0 -1.570092458683775e-16
59.5 59.5 41.5 0.7071067811865477 -0.7071067811865475 0.0 -1.570092458683775e-16
59.5 59.5 41.0 0.7071067811865477 -0.7071067811865475 0.0 -1.570092458683775e-16
59.5 59.5 40.5 0.5000000000000001 -0.4999999999999999 -0.5 0.5
59.0 59.5 40.5 0.5000000000000001 -0.4999999999999999 -0.5 0.5
58.5 59.5 40.5 0.5000000000000001 -0.4999999999999999 -0.5 0.5
58.0 59.5 40.5 0.5000000000000001 -0.4999999999999999 -0.5 0.5
57.5 59.5 40.5 0.5000000000000001 -0.4999999999999999 -0.5 0.5
57.0 59.5 40.5 0.5000000000000001 -0.4999999999999999 -0.5 0.5
56.5 59.5 40.5 0.5000000000000001 -0.4999999999999999 -0.5 0.5
56.0 59.5 40.5 0.5000000000000001 -0.4999999999999999 -0.5 0.5
55.5 59.5 40.5 0.5000000000000001 -0.4999999999999999 -0.5 0.5
55.0 59.5 40.5 0.5000000000000001 -0.4999999999999999 -0.5 0.5
54.5 59.5 40.5 0.5000000000000001 -0.4999999999999999 -0.5 0.5
54.0 59.5 40.5 0.5000000000000001 -0.4999999999999999 -0.5 0.5
53.5 59.5 40.5 0.5000000000000001 -0.4999999999999999 -0.5 0.5
53.0 59.5 40.5 0.5000000000000001 -0.4999999999999999 -0.5 0.5
52.5 59.5 40.5 0.5000000000000001 -0.4999999999999999 -0.5 0.5
52.0 59.5 40.5 0.5000000000000001 -0.4999999999999999 -0.5 0.5
51.5 59.5 40.5 0.5000000000000001 -0.4999999999999999 -0.5 0.5
51.0 59.5 40.5 0.5000000000000001 -0.4999999999999999 -0.5 0.5
50.5 59.5 40.5 0.5000000000000001 -0.4999999999999999 -0.5 0.5
50.0 59.5 40.5 -3.4863055968420984e-32 1.570092458683775e-16 -0.7071067811865475 0.7071067811865477
50.0 59.5 41.0 -3.4863055968420984e-32 1.570092458683775e-16 -0.7071067811865475 0.7071067811865477
50.0 59.5 41.5 -3.4863055968420984e-32 1.570092458683775e-16 -0.7071067811865475 0.7071067811865477
50.0 59.5 42.0 -3.4863055968420984e-32 1.570092458683775e-16 -0.7071067811865475 0.7071067811865477
50.0 59.5 42.5 -3.4863055968420984e-32 1.570092458683775e-16 -0.7071067811865475 0.7071067811865477
50.0 59.5 43.0 -3.4863055968420984e-32 1.570092458683775e-16 -0.7071067811865475 0.7071067811865477
50.0 59.5 43.5 -3.4863055968420984e-32 1.570092458683775e-16 -0.7071067811865475 0.7071067811865477
50.0 59.5 44.0 -3.4863055968420984e-32 1.570092458683775e-16 -0.7071067811865475 0.7071067811865477
50.0 59.5 44.5 -3.4863055968420984e-32 1.570092458683775e-16 -0.7071067811865475 0.7071067811865477
50.0 59.5 45.0 -3.4863055968420984e-32 1.570092458683775e-16 -0.7071067811865475 0.7071067811865477
50.0 59.5 45.5 -3.4863055968420984e-32 1.570092458683775e-16 -0.7071067811865475 0.7071067811865477
50.0 59.5 46.0 -3.4863055968420984e-32 1.570092458683775e-16 -0.7071067811865475 0.7071067811865477
50.0 59.5 46.5 -3.4863055968420984e-32 1.570092458683775e-16 -0.7071067811865475 0.7071067811865477
50.0 59.5 47.0 -3.4863055968420984e-32 1.570092458683775e-16 -0.7071067811865475 0.7071067811865477
50.0 59.5 47.5 -3.4863055968420984e-32 1.570092458683775e-16 -0.7071067811865475 0.7071067811865477
50.0 59.5 48.0 -3.4863055968420984e-32 1.570092458683775e-16 -0.7071067811865475 0.7071067811865477
50.0 59.5 48.5 -3.4863055968420984e-32 1.570092458683775e-16 -0.7071067811865475 0.7071067811865477
50.0 59.5 49.0 -3.4863055968420984e-32 1.570092458683775e-16 -0.7071067811865475 0.7071067811865477
50.0 59.5 49.5 -3.4863055968420984e-32 1.570092458683775e-16 -0.7071067811865475 0.7071067811865477
50.0 59.5 50.0 0.4999999999999999 0.5000000000000001 -0.5 0.5
62.10937308798591 48.832126999298424 48.96884890447384
60.276735842737004 61.997922100453465 48.57622038085357
58.86260325819065 59.040091464675555 37.978357353520074
47.58680440516861 60.91432933842837 40.366739380771605
49.60556816923865 59.07575194041799 52.32895948429816
0 0 272.2189689625025 185.95134500625053
1 0 270.1395702442607 183.60200819967483
2 0 267.87299636304857 181.04119800139927
3 0 265.3927836680804 178.23901536980097
4 0 262.66723304034616 175.15964615034903
5 0 259.65804781930615 171.75982218413515
6 0 256.3185231564654 167.98677561156012
7 0 252.59110443575167 163.77548033794545
8 0 248.40404245035256 159.0448730006334
9 0 243.66672988097176 153.69258405005135
10 0 238.26306986987538 147.5874454621888
11 0 232.0418345851243 140.5585976954693
12 0 224.8022893698526 132.37924763244357
13 0 216.27212841166 122.74173995808971
14 0 206.07245520386275 111.21799154374852
15 0 193.65997061952885 97.19417463975148
16 0 178.2269560617489 79.75771629295221
17 0 158.51812568178357 57.49037515245169
18 0 132.47077309098532 28.06167366361032
19 1 322.88001082944845 203.88345220381888
20 1 322.9835082617956 202.29114067673277
21 1 323.0964163292974 200.55404620678323
22 1 323.2200796745029 198.65148142248694
23 1 323.35611192436306 196.55862061815967
24 1 323.506466491086 194.2454104803474
25 1 323.6735309787267 191.67511763921905
26 1 323.8602549178975 188.8023634656914
27 1 324.07032541343955 185.57042172601274
28 1 324.30841307063355 181.90743499861892
29 1 324.58052334965384 177.72100907387306
30 1 324.89451013547335 172.89031166356202
31 1 325.2608461816802 167.25421909649398
32 1 325.69381395520395 160.59299513176512
33 1 326.21341128493555 152.5989724897371
34 1 326.84852802966077 142.82767970752093
35 1 327.64250648523665 130.6122940848996
36 1 328.6634706862849 114.90472502542073
37 1 330.0249921689562 93.9576705713404
38 2 395.1588005922292 270.48859460523397
39 2 398.3987379381006 271.78999734464264
40 2 401.93263666974656 273.2094771058848
41 2 405.80240488968275 274.76386733775735
42 2 410.05831422005804 276.47336090814485
43 2 414.7611957261796 278.36239215221514
44 2 419.9853660585613 280.46081223134496
45 2 425.82258372807104 282.80547827104635
46 2 432.38748498145014 285.44243681778556
47 2 439.8251877706017 288.42997816547364
48 2 448.3221445212006 291.84299564433246
49 2 458.121987248722 295.7793502123066
50 2 469.5492667576756 300.36940590455373
51 2 483.04608974138455 305.7907460507438
52 2 499.2306434008654 312.2916811677131
53 2 518.994549725927 320.23035376754825
54 2 543.6728425498388 330.1430139385526
55 2 575.3587438398109 342.8704571997472
56 2 617.5309616791225 359.8099945932579
57 3 242.16614307369568 234.17320674450235
58 3 238.73441984265867 233.89603663894653
59 3 234.9882403003408 233.59346882992725
60 3 230.88230764398588 233.26184482905376
61 3 226.36218638244537 232.8967680431826
62 3 221.36187524107044 232.49290774514566
63 3 215.8005631558505 232.04373706501957
64 3 209.57822851118402 231.54117755361492
65 3 202.56956998887568 230.9751089951531
66 3 194.61548133017718 230.3326808490856
67 3 185.51082654766682 229.5973248902208
68 3 174.98649655833003 228.74730597620496
69 3 162.68236243084905 227.75353756153694
70 3 148.10523928755848 226.5761865666243
71 3 130.56118294123695 225.15920517797133
72 3 109.04176317189638 223.42114547810266
73 3 82.02314990510735 221.23893223217453
74 3 47.08860785073193 218.4173728997717
75 3 0.16223726402017746 214.62726914920182
76 4 307.4407999370433 221.64026876999077
77 4 306.8644363230214 220.80790056988604
78 4 306.23484842509134 219.89866734860254
79 4 305.5443068658668 218.90140655564875
80 4 304.7835094916369 217.80268428098404
81 4 303.94115989547794 216.5861865698932
82 4 303.00340272635907 215.23190391220083
83 4 301.9530556027703 213.71502199343087
84 4 300.7685467012727 212.00438738992517
85 4 299.4224174628044 210.06034521919653
86 4 297.8791675295123 207.8316268580177
87 4 296.09207815671664 205.25076240288644
88 4 293.9984007251757 202.22713205410233
89 4 291.51183657011774 198.6361056953292
90 4 288.51034489016683 194.30143541689807
91 4 284.81550144962824 188.9654459313564
92 4 280.15568476879014 182.2358690998468
93 4 274.09608635350406 173.48476666454087
94 4 265.8944995326154 161.6402645238386
