96 5 95
50.0 50.0 50.0 0.0 0.7071067811865475 0.0 0.7071067811865477
50.5 50.0 50.0 0.0 0.7071067811865475 0.0 0.7071067811865476
51.0 50.0 50.0 0.0 0.7071067811865475 0.0 0.7071067811865477
51.5 50.0 50.0 0.0 0.7071067811865475 0.0 0.7071067811865476
52.0 50.0 50.0 0.0 0.7071067811865475 0.0 0.7071067811865477
52.5 50.0 50.0 0.0035443469147975323 0.708863475704803 9.17696179570414e-19 0.7053368063674644
52.99998750010417 49.997500041666456 49.99750001041665 0.0070886272625722046 0.7106068569294318 1.2205929756100544e-18 0.7035535844897716
53.49993750145988 49.992512812546764 49.992487656665055 0.010632774477551368 0.7123368921176751 1.826442826953399e-18 0.7017571490444832
53.99982500803159 49.98505118704296 49.984950752900104 0.014176721996462764 0.7140535487774278 3.644103748830029e-18 0.6999475337707796
54.499625028478626 49.975128225444585 49.97487730293191 0.017720403259784655 0.7157567946678492 6.059053469348533e-18 0.6981247726553734
54.99931257803266 49.962757172947484 49.96225550112703 0.021263751712995906 0.7174465977999694 6.044782570912908e-18 0.6962888999318723
55.498862680374664 49.947951458658814 49.947073733295376 0.024806700807825956 0.7191229264372889 7.236830083714834e-18 0.6944399500801351
55.998250369511254 49.93072469458817 49.929320577562684 0.028349184003504644 0.720785749096375 9.626846691414595e-18 0.6925779578256247
56.497450691650236 49.911090674625 49.908984805228606 0.03189113476801197 0.7224350345474538 1.2006086312407793e-17 0.6907029581387558
56.996438707075235 49.88906337350233 49.88605538161024 0.03543248657932759 0.7240707518149955 1.4374756651571305e-17 0.6888149862342375
57.49518949201929 49.864656945746944 49.86052146687112 0.038973172926680254 0.7256928701782974 1.673306274712908e-17 0.6869140775704133
57.99367814053724 49.83788572461602 49.83237241683554 0.042513127311796864 0.72730135917206 1.4310905272759858e-17 0.6850002678485937
58.49187976637675 49.80876422102036 49.80159778378819 0.04605228325015146 0.7288961885869595 1.4279592922606013e-17 0.6830735930123865
58.98976950484788 49.77730712243426 49.76818731725905 0.04959057427221386 0.730477328470215 1.899824575921841e-17 0.6811340892470216
59.48732251469104 49.743529291792115 49.73213096479343 -0.4452630811210088 0.5202228713045993 0.5154074377308677 0.5152321087567482
59.52586613794006 50.24106986517772 49.76323991755565 -0.44394909762218215 0.5239104997446881 0.5142797230367567 0.5137541760910156
59.566713326114275 50.7385871147577 49.79166690453337 -0.44262677623475716 0.5275882885265687 0.5131423495618033 0.5122665945148333
59.60984863804762 51.23605792003637 49.817399039303005 -0.4412961417934918 0.5312561685770223 0.5119953386672252 0.5107693919667408
59.65525646068019 51.73345916400715 49.84042363789005 -0.43995721928927317 0.5349140710089281 0.5108387118952425 0.5092625965659713
59.70292101023113 52.23076773488919 49.860728219721956 -0.4386100338686479 0.5385619271225563 0.5096724909686725 0.5077462366119224
59.752826333384384 52.727960527863665 49.87830050856574 -0.4372546108333499 0.5421996684068591 0.508496697790522 0.506220340583626
59.80495630848719 53.22501444680949 49.8931284334502 -0.4358909756398252 0.5458272265407568 0.5073113544435763 0.5046849371392123
59.859294646761214 53.72190640603839 49.90520012957279 -0.4345191538987542 0.5494445333944218 0.5061164831899839 0.5031400551153721
59.9158248935262 54.21861333202924 49.91450393919089 -0.4331391713745697 0.5530515210305571 0.5049121064708387 0.5015857235268152
59.97453042943615 54.7151121651614 49.92102841249763 -0.43175105398497426 0.5566481217056735 0.5036982469057587 0.5000219715657253
60.035394471727834 55.21137986144708 49.92476230848204 -0.4303548278004525 0.5602342678713604 0.5024749272924605 0.4984488286012118
60.09840007548158 55.707393394262496 49.92569459577352 -0.4289505190437819 0.5638098921755559 0.5012421706063319 0.49686632417875853
60.16353013489425 56.20312975607775 49.92381445347058 -0.42753815408954016 0.5673749274638104 0.5000000000000001 0.4952744880196681
60.23076738456432 56.69856596018523 49.919111271953724 -0.4261177594636098 0.5709293067805493 0.49874843880289677 0.4936733500205045
60.30009440078889 57.19367904242648 49.91157465368252 -0.4246893618426803 0.5744729633703293 0.49748751052081996 0.49206294025253133
60.37149360287269 57.688446062917386 49.90119441397669 -0.42325298805374656 0.5780058306790927 0.49621723883549274 0.49044328896114653
60.44494725444876 58.182844107771494 49.887960581781236 -0.4218086650736054 0.5815278423554171 0.494937647604118 0.4888144265653151
60.520437464810925 58.67685029082142 49.87186340041551 -0.4203564200283492 0.585038932251762 0.4936487608589313 0.4871763836569976
60.5979461902578 59.170441755338146 49.85289332830618 -0.642627900742975 0.7612173491494051 0.04986296113384944 -0.07135274099566338
60.51158791586426 59.16254504427489 49.36047085684681 -0.6410172503632275 0.7627678088458475 0.046173337673022716 -0.07176473655915439
60.427250179051384 59.15176214577665 48.86775301137208 -0.6393945609221287 0.764303942861597 0.04248284702235869 -0.0721753842960997
60.34492294693774 59.13808340510843 48.3747670897615 -0.6377598628957036 0.7658257223462416 0.038791558493632285 -0.07258467649404961
60.264596035604 59.121499385083574 47.88154041003361 -0.6361131869855126 0.7673331187189644 0.03509954141360346 -0.07299260546601302
60.186259110858 59.10200086677272 47.38810030829377 -0.6344545641180747 0.7688261036690803 0.03140686512271526 -0.07339916355060187
60.109901689011075 59.07957885019635 46.894474136680536 -0.6327840254442872 0.7703046491565683 0.027713598973791508 -0.07380434311217499
60.03551313766563 59.05422455500093 46.40068926131084 -0.6311016023388405 0.771768727412597 0.024019812330734212 -0.07420813654098143
59.963082676513935 59.02592942111851 45.906773060224126 -0.6294073263996279 0.7732183109400469 0.020325574567220898 -0.07461053625330352
59.892599378147935 58.99468510940983 45.41275292132562 -0.6277012294471538 0.7746533725140266 0.01663095506540168 -0.07501153469159921
59.8240521688802 58.960483502290735 44.918656240328794 -0.6259833435239345 0.7760738851823842 0.012936023214596136 -0.07541112432464403
59.75742982957583 58.92331670434206 44.42451041869731 -0.6242537008938975 0.7774798222662133 0.00924084840999015 -0.07580929764767255
59.692720996495254 58.883177042902716 43.93034286158648 -0.6225123340417751 0.7788711573603542 0.005545500051332572 -0.07620604718251929
59.62991416214796 58.84005706864615 43.43618097578449 -0.6207592756724943 0.7802478643338902 0.0018500475416317803 -0.07660136547775923
59.568997676156975 58.79394955613993 42.94205216765345 -0.6189945587105626 0.7816099173306373 -0.0018454397141477554 -0.07699524510884766
59.50995974613408 58.74484750438855 42.44798384107056 -0.6172182162994496 0.7829572907696313 -0.005540892310388993 -0.07738767867825976
59.452788438565726 58.69274413735941 41.95400339536936 -0.6154302818009644 0.7842899593456069 -0.00923624084212583 -0.0777786588156294
59.39747167970951 58.63763290449183 41.46013822328141 -0.6136307887946296 0.7856078980294735 -0.012931415906346637 -0.07816817817788764
59.34399725650123 58.57950748118916 40.96641570887841 -0.6118197710770502 0.7869110820687856 -0.016626348103297706 -0.07855622944940065
59.29235281747237 58.51836176929393 40.47286322551496 -0.3782284535884679 0.5692741799207908 0.5410806482049523 -0.49000191541431337
58.80875528207807 58.64105234484927 40.50573337048655 -0.37937553715521855 0.5703509023879687 0.5374775754445489 -0.491825076472996
58.3243365620015 58.761016762444015 40.536507420439975 -0.3805154956011329 0.5714169129913057 0.5338644082202256 -0.49363900047563003
57.83911920833987 58.87823862563111 40.56519808959489 -0.3816483075164444 0.5724721917098629 0.5302412143915324 -0.4954436533545793
57.353125832187246 58.99270174399619 40.59181824868362 -0.3827739516256068 0.5735167187242594 0.5266080620063298 -0.4972390012163305
56.86637910293586 59.10439013437386 40.6163809239843 -0.3838924067876936 0.5745504744170434 0.5229650192995127 -0.49902501034212954
56.378901746573156 59.21328802204842 40.6388992963422 -0.3850036519967956 0.5755734393730618 0.5193121546917274 -0.5008016471886149
55.89071654397447 59.31937984193894 40.659386700179596 -0.38610766638241467 0.5765855943798239 0.5156495367880874 -0.5025688783884472
55.40184632919164 59.422650239768586 40.677856622493984 -0.3872044292098563 0.5775869204278629 0.5119772343768844 -0.5043266707509366
54.912313987737626 59.52308407321808 40.69432270184491 -0.3882939198806187 0.5785773987110924 0.5082953164282966 -0.5060749912626656
54.422142454867235 59.62066641306326 40.70879872732936 -0.38937611793277965 0.5795570106271599 0.5046038520930936 -0.5078138070881094
53.93135471385412 59.71538254429665 40.721298637545864 -0.3904510030413812 0.5805257377777963 0.5009029107013369 -0.5095430855702521
53.43997379426419 59.80721796723289 40.731836519547386 -0.39151855501881094 0.581483561969161 0.4971925617610788 -0.5112627942312006
52.94802277022553 59.89615839859801 40.74042660778303 -0.3925787538151815 0.582430465212184 0.4934728749570565 -0.5129729007727944
52.45552475869495 59.9821897726025 40.747083283028665 -0.3936315795187065 0.5833664297229036 0.48974392014938295 -0.5146733730772123
51.962502917721366 60.065298241997944 40.75182107130662 -0.39467701235607555 0.5842914379228006 0.48600576737223544 -0.5163641792075749
51.46898044470605 60.1454701791173 40.754654642794414 -0.3957150326928246 0.5852054724391279 0.48225848683254 -0.5180452874085456
50.97498057465994 60.222692176898676 40.755598810722624 -0.39674562103370536 0.5861085161052372 0.47850214890865267 -0.5197166661069259
50.48052657845812 60.296951049892535 40.75466853026212 -0.39776875802305117 0.5870005519609017 0.4747368241490379 -0.521378283912249
49.98564176109163 60.36823383525222 40.751878897400516 0.08410217767283722 0.0794234592001693 0.7491447745632297 -0.6522276018262133
49.996844295701756 60.48258726634168 41.23849763523988 0.08079764183190137 0.07946298351688286 0.7475137808158963 -0.6545078477874224
50.00523250010813 60.594869632247 41.72565501056488 0.07749158851578604 0.07950101542487703 0.7458687478765392 -0.6567758013179209
50.0108167110941 60.705061555219714 42.21332965282059 0.07418407981607873 0.07953755420986765 0.744209706640821 -0.6590314198228618
50.01360747609128 60.813143814554614 42.70150015259274 0.0708751778517008 0.07957259918561316 0.7425366882674963 -0.6612746609390644
50.013615552387144 60.91909734803362 43.19014506321608 0.06756494476774073 0.07960614969392751 0.7408497241778269 -0.66350548253581
50.01085190631693 61.022903253357846 43.67924290238552 0.06425344273428701 0.07963820510469251 0.7391488460549915 -0.6657238427156332
50.005327712439765 61.12454278956765 44.168772153770014 0.06094073394526053 0.07966876481586965 0.737434085843491 -0.6679296998151089
49.997054352699216 61.22399737845049 44.65871126862894 0.05762688061724647 0.0796978282535115 0.7357054757485482 -0.6701230124056343
49.986043415568204 61.32124860593664 45.14903866743094 0.05431194498832576 0.07972539487177231 0.7339630482355031 -0.6723037392942074
49.97230669517843 61.41627822348249 45.63973274147507 0.05099598931690628 0.07975146415291845 0.7322068360292031 -0.6744718395242009
49.955856190434375 61.509068149441525 46.13077185451413 0.047679075880553465 0.07977603560733801 0.7304368721133886 -0.6766272723761304
49.93670410411185 61.59960047042263 46.622134344380086 0.04436126697482075 0.07979910877355005 0.7286531897300733 -0.6787699973684206
49.91486284194129 61.68785744263585 47.113798524611425 0.04104262491207947 0.07982068321821321 0.7268558223789195 -0.680899974258164
49.8903450116758 61.7738214932254 47.60574268608233 0.03772321202034873 0.07984075853613398 0.7250448038166103 -0.6830171630418782
49.86316342214396 61.857475221589766 48.09794509863357 0.03440309064212464 0.07985933435027415 0.7232201680562135 -0.6851215239562564
49.83333108228762 61.93880140068897 48.59038401270497 0.031082323133209567 0.07987641031175796 0.7213819493665449 -0.6872130174789141
49.80086120018457 62.0177829783387 49.083037660969325 0.027760971861540935 0.07989198609987869 0.7195301822715232 -0.6892916043291316
49.765767182056315 62.09440307849136 49.575884259967644 0.02443909920601997 0.07990606142210464 0.7176649015495227 -0.6913572454685921
49.72806263126093 62.16864500250387 50.06890201174565 0.49365066281944725 0.431267029896038 -0.5207863040699725 0.5468998057374937
64.00192358201352 45.04464909018698 47.128252431746716
60.99199038709095 58.65500639003845 49.86133176138843
57.99393136502792 57.13992474252773 41.787940421627994
48.83437500842776 56.95829814809794 42.22533320090244
48.97105444412769 57.09788816297007 51.73260248975696
0 0 272.2189689625025 185.95134500625053
1 0 270.1395702442607 183.60200819967483
2 0 267.87299636304857 181.04119800139927
3 0 265.3927836680804 178.23901536980097
4 0 262.66723304034616 175.15964615034903
5 0 259.65804781930615 171.75982218413515
6 0 256.3185231564654 167.98677561156012
7 0 252.59110443575167 163.77548033794545
8 0 248.40404245035256 159.0448730006334
9 0 243.66672988097176 153.69258405005135
10 0 238.26306986987538 147.5874454621888
11 0 232.0418345851243 140.5585976954693
12 0 224.8022893698526 132.37924763244357
13 0 216.27212841166 122.74173995808971
14 0 206.07245520386275 111.21799154374852
15 0 193.65997061952885 97.19417463975148
16 0 178.2269560617489 79.75771629295221
17 0 158.51812568178357 57.49037515245169
18 0 132.47077309098532 28.06167366361032
19 1 322.88001082944845 203.88345220381888
20 1 322.9835082617956 202.29114067673277
21 1 323.0964163292974 200.55404620678323
22 1 323.2200796745029 198.65148142248694
23 1 323.35611192436306 196.55862061815967
24 1 323.506466491086 194.2454104803474
25 1 323.6735309787267 191.67511763921905
26 1 323.8602549178975 188.8023634656914
27 1 324.07032541343955 185.57042172601274
28 1 324.30841307063355 181.90743499861892
29 1 324.58052334965384 177.72100907387306
30 1 324.89451013547335 172.89031166356202
31 1 325.2608461816802 167.25421909649398
32 1 325.69381395520395 160.59299513176512
33 1 326.21341128493555 152.5989724897371
34 1 326.84852802966077 142.82767970752093
35 1 327.64250648523665 130.6122940848996
36 1 328.6634706862849 114.90472502542073
37 1 330.0249921689562 93.9576705713404
38 2 395.1588005922292 270.48859460523397
39 2 398.3987379381006 271.78999734464264
40 2 401.93263666974656 273.2094771058848
41 2 405.80240488968275 274.76386733775735
42 2 410.05831422005804 276.47336090814485
43 2 414.7611957261796 278.36239215221514
44 2 419.9853660585613 280.46081223134496
45 2 425.82258372807104 282.80547827104635
46 2 432.38748498145014 285.44243681778556
47 2 439.8251877706017 288.42997816547364
48 2 448.3221445212006 291.84299564433246
49 2 458.121987248722 295.7793502123066
50 2 469.5492667576756 300.36940590455373
51 2 483.04608974138455 305.7907460507438
52 2 499.2306434008654 312.2916811677131
53 2 518.994549725927 320.23035376754825
54 2 543.6728425498388 330.1430139385526
55 2 575.3587438398109 342.8704571997472
56 2 617.5309616791225 359.8099945932579
57 3 242.16614307369568 234.17320674450235
58 3 238.73441984265867 233.89603663894653
59 3 234.9882403003408 233.59346882992725
60 3 230.88230764398588 233.26184482905376
61 3 226.36218638244537 232.8967680431826
62 3 221.36187524107044 232.49290774514566
63 3 215.8005631558505 232.04373706501957
64 3 209.57822851118402 231.54117755361492
65 3 202.56956998887568 230.9751089951531
66 3 194.61548133017718 230.3326808490856
67 3 185.51082654766682 229.5973248902208
68 3 174.98649655833003 228.74730597620496
69 3 162.68236243084905 227.75353756153694
70 3 148.10523928755848 226.5761865666243
71 3 130.56118294123695 225.15920517797133
72 3 109.04176317189638 223.42114547810266
73 3 82.02314990510735 221.23893223217453
74 3 47.08860785073193 218.4173728997717
75 3 0.16223726402017746 214.62726914920182
76 4 307.4407999370433 221.64026876999077
77 4 306.8644363230214 220.80790056988604
78 4 306.23484842509134 219.89866734860254
79 4 305.5443068658668 218.90140655564875
80 4 304.7835094916369 217.80268428098404
81 4 303.94115989547794 216.5861865698932
82 4 303.00340272635907 215.23190391220083
83 4 301.9530556027703 213.71502199343087
84 4 300.7685467012727 212.00438738992517
85 4 299.4224174628044 210.06034521919653
86 4 297.8791675295123 207.8316268580177
87 4 296.09207815671664 205.25076240288644
88 4 293.9984007251757 202.22713205410233
89 4 291.51183657011774 198.6361056953292
90 4 288.51034489016683 194.30143541689807
91 4 284.81550144962824 188.9654459313564
92 4 280.15568476879014 182.2358690998468
93 4 274.09608635350406 173.48476666454087
94 4 265.8944995326154 161.6402645238386
