96 5 95
50.0 50.00000000000001 50.000000000000014 7.091970136391313e-14 0.7071067811865438 7.749667640093658e-14 0.7071067811865512
50.499996435037446 49.99997898929402 49.99998187667367 8.267335349796869e-05 0.7071782568049013 -8.300670465383565e-05 0.7070352886365607
50.99999201809002 49.99983640314543 49.99985834593206 0.0001784755733919699 0.7072627506371612 -0.00017882246929070103 0.7069507321802213
51.49998665113183 49.99955351684575 49.99961146347542 0.00028688158650037735 0.7073569838318429 -0.0002875756316998379 0.7068563732637129
51.99998301621936 49.999120398733844 49.999247009482865 0.00037307698941704565 0.7073931092112138 -0.0003841206254946103 0.7068201343378646
52.50009060989043 49.999008315930446 49.99938083916373 0.002467157907974288 0.7074109642637679 0.000940208700214698 0.706797535917368
53.00020574010056 49.99837324534501 49.999536029157206 0.004552188530463365 0.7073662199271122 0.0022508934932332844 0.7068290047558133
53.5003244846451 49.99720060576859 49.999772792892216 0.006672146083157998 0.7073335285126409 0.0035122422135131673 0.7068397456730455
54.00044600295107 49.99542818210469 50.00006577429361 0.008836326189594394 0.7073216985357897 0.004713080865377006 0.7068208549474704
54.500569011303895 49.992978427117436 50.00037676349795 0.01105522770119349 0.7073393568913774 0.005840141141812426 0.7067635452429696
55.000691237815786 49.98975505257529 50.000653414126006 0.013342782663244348 0.7073982264389782 0.0068760472456636055 0.7066558139264579
55.50080867356435 49.98563644440317 50.00082350016052 0.015717893805647115 0.7075146350792842 0.007797592311022784 0.706480846532369
56.00091420898996 49.980465904901415 50.00078609113828 0.01820672026126386 0.7077117088634743 0.008573182852717007 0.7062146649643032
56.50099505758638 49.97403688069105 50.000397846656924 0.02084625080461413 0.7080228038995992 0.00915889950649781 0.705822398019056
57.00102771574187 49.96606991599334 49.999451111662744 0.023690025659169923 0.7084969939581846 0.009492283026488952 0.7052522164441805
57.50096770901782 49.956175489375745 49.99763777251846 0.02681751152657643 0.7092080121958559 0.009482311497937483 0.7044252283112671
58.000727819651615 49.9437919610745 49.99448758246046 0.03034975031058809 0.710268990637271 0.008992925400173182 0.7032183024409591
58.500130171020565 49.9280787166576 49.98926071080585 0.0344748107471372 0.711855300602369 0.007815935614414418 0.7014359768209293
58.998820455780155 49.90774595688945 49.98081423101064 0.03944930225336824 0.7141845335174721 0.0056399118953241794 0.698822149069394
59.49813091691399 49.88420584855552 49.96919843564682 -0.4649479153366341 0.5047579983582315 0.5078779529709102 0.5206753153392119
59.52445649411234 50.38271848288966 49.998688469590036 -0.4634378389198647 0.5062420852740851 0.5089559860306022 0.5195268278330281
59.55122356010794 50.881216964529195 50.02811940331911 -0.4618908320162146 0.507668277970079 0.5100804858538276 0.5184087931289233
59.578421900462615 51.37969506856475 50.057559102640184 -0.4603314399068822 0.5091127899959031 0.511181714712979 0.5172933278507877
59.60607974295765 51.87815198176884 50.08699216669009 -0.4587605402546267 0.5105824671509953 0.5122530889106053 0.5161793136544985
59.634230634544544 52.37658705910309 50.11639569276528 -0.4571782854048392 0.5120827119517641 0.5132892256637341 0.5150664833707799
59.66291320597195 52.87499960451025 50.14574062141782 -0.45558503183853727 0.5136202238454012 0.5142834209897772 0.5139543825250744
59.692172321037475 53.37338882037488 50.17498993384392 -0.45398148676562755 0.5152035498624279 0.5152270996458164 0.5128422249325647
59.72206065156193 53.87175372556597 50.20409602066815 -0.4523688822026538 0.5168437449360668 0.5161091441991693 0.5117287259957022
59.7526408038341 54.370093001679685 50.23299696373927 -0.45074923579754017 0.5185553167731 0.5169149338658166 0.5106118496674181
59.78398824313804 54.86840470254029 50.261611186756795 -0.44912574920664705 0.5203576084202219 0.5176249367853842 0.5094884155470877
59.81619540251493 55.36668569954749 50.289829593432245 -0.44750342569117507 0.5222768605345921 0.5182126073533304 0.508353477931307
59.849377592665896 55.864930605198694 50.31750373556344 -0.4458900430477777 0.5243493501424891 0.5186411794002445 0.5071993252620943
59.883681724593316 56.363129637591236 50.34442753072497 -0.4442977124150599 0.5266262683974345 0.5188586671248463 0.5060138335322125
59.9192995480314 56.861264267341646 50.370308181014245 -0.4427454182161744 0.5291814597771843 0.518789895664613 0.5047776950628596
59.95648834313702 57.35929805454936 50.39471843791118 -0.44126321940707036 0.5321239368288923 0.5183235191584448 0.503459647379444
59.995604212324075 57.85715665885894 50.41701567290989 -0.439899250528861 0.5356183580513463 0.517290523910863 0.5020081052877045
60.037156603514646 58.354683089606695 50.436201854031594 -0.43873071473038083 0.5399168120160561 0.5154298751750158 0.5003371261775958
60.08188094739019 58.851564231734635 50.450744478457246 -0.43785618960324824 0.5453358672235471 0.5123972155174021 0.4983370773639854
60.12928573729437 59.349192785454356 50.46163522760294 -0.6683619845836208 0.7412532312567995 0.05086165191416906 -0.03534115277349339
60.06874666569963 59.36369444697624 49.96552966721125 -0.6663615152983343 0.7430707052189955 0.050449078505971814 -0.03554079982992289
60.00835363599064 59.377957586919024 49.46939930555398 -0.6643376915070873 0.7448950052866807 0.0501253212030623 -0.035697547762836
59.948083264537 59.39206204957923 48.9732496687947 -0.6623015898642479 0.7467208860304578 0.0497915079545404 -0.03585147367669263
59.88794223958008 59.40600347180913 48.477079937991 -0.6602530128216365 0.7485486838738881 0.04944249041797088 -0.03600370914073666
59.8279394432049 59.41977375495306 47.98088892595508 -0.658191261197468 0.7503790322135715 0.0490762512943562 -0.036153744707892725
59.76808528297323 59.43336394378363 47.48467525355529 -0.6561155227449509 0.7522126717091414 0.04869053006357508 -0.03630082114007101
59.70839203944848 59.4467642426988 46.988437310391745 -0.6540248704924515 0.7540504629971271 0.04828260179201511 -0.03644390752024413
59.64887437973197 59.45996391715575 46.4921731908933 -0.6519182433401559 0.7558934125159263 0.047849137485996084 -0.036581593146813945
59.58955006492441 59.47295118231635 45.99588060444177 -0.64979442252424 0.7577427059355106 0.04738601789709512 -0.036711924027157096
59.53044094353161 59.48571308740784 45.49955674592061 -0.6476520043214039 0.7595997513933644 0.04688807259540488 -0.036832154836430125
59.471574380355975 59.49823540748018 45.003198103188204 -0.6454893695277658 0.7614662359663782 0.046348706165335075 -0.036938364157646376
59.41298536893454 59.510502567861884 44.50680015987687 -0.6433046518253269 0.7633442001486136 0.04575934983097983 -0.03702484223348357
59.35471975422947 59.52249765518305 44.01035691628872 -0.641095710791663 0.7652361368813034 0.04510863528736854 -0.03708308830211658
59.29683933082668 59.53420262975746 43.51386007696636 -0.6388601235254593 0.7671451238088347 0.044381112063757645 -0.03710011424978107
59.23943025649479 59.5455989876019 43.01729758892639 -0.6365952280406506 0.7690749988149597 0.04355518494922747 -0.03705546785132251
59.18261765281112 59.556669388427416 42.520650821976254 -0.6342983126230638 0.7710305749507104 0.04259959157024853 -0.03691582171317705
59.126592786313985 59.56740015144304 42.02388866568504 -0.6319676911995976 0.7730174946327457 0.04146505790929177 -0.03662566373654065
59.07167675220517 59.57774297585981 41.5269542897529 -0.6296223266625136 0.775029306270216 0.04000935179504591 -0.03611858191196129
59.01849301155702 59.5860103304467 41.029859589943314 -0.42098099305428843 0.5210549709092134 0.5727850131171229 -0.4724341748077091
58.53135504455358 59.685933694912215 41.081578869199916 -0.41989126191573733 0.5217359452205863 0.5717852071992414 -0.47386138105959996
58.044207733105786 59.78567266276043 41.13353186504976 -0.41873472071799717 0.5224112699617671 0.5708625671045027 -0.4752511211570279
57.55706968154308 59.88529857585776 41.18577147649945 -0.41759023423974706 0.5230613803999655 0.5699463325109873 -0.4766407102409012
57.06993976711425 59.984796868045244 41.23831243998987 -0.41646350039613006 0.5236824346287937 0.5690338243398975 -0.47803280981139007
56.58281558247249 60.08414607763293 41.291169596753946 -0.4153582799470545 0.5242705592696392 0.5681245926793693 -0.47942916802737895
56.09569389863096 60.183319660309714 41.34435944123954 -0.4142791516143436 0.5248210215162128 0.5672179833263352 -0.48083202815908993
55.60857042134317 60.28228464683587 41.39790050160881 -0.4132318969575811 0.5253279318950799 0.5663129219210302 -0.4822443755741922
55.121439416800186 60.38099967538083 41.451813774239234 -0.4122239144233791 0.525783860717815 0.5654077169792027 -0.48367022832349515
54.6342931738686 60.479412259869015 41.506123292914026 -0.41126480363346923 0.5261792949018144 0.5644997698084873 -0.48511505933656457
54.14712121597239 60.577454936677995 41.560856892241404 -0.41036721125515646 0.5265018522264495 0.5635851340493314 -0.4865864241914081
53.659909116885224 60.67503972162072 41.61604725509967 -0.40954807999983767 0.5267351206537894 0.5626578346740779 -0.4880949128173357
53.172636669863174 60.77204996091453 41.67173338689499 -0.40883053233533595 0.5268569044088828 0.5617087939603584 -0.489655622754089
52.68527496323092 60.86832805886564 41.727962751075914 -0.40824677682449173 0.5268365075347039 0.5607240998782124 -0.4912904918241527
52.19778153255072 60.96365649839617 41.78479446423111 -0.4078427017578465 0.5266304137896 0.5596821459923725 -0.49303208146329336
51.710091979507574 61.05772762548639 41.84230425271943 -0.40768531854585804 0.526175220939504 0.558548783521249 -0.4949298681008851
51.22210479258485 61.15009404537914 41.90059245897547 -0.4078751042167627 0.5253757519126264 0.5572688976146815 -0.49706095643665776
50.733652646016445 61.240084982384495 41.95979769830423 -0.40856635381217765 0.5240846291130906 0.5557520090726024 -0.4995483364718401
50.24445490811098 61.32667669301787 42.02012473263103 -0.40998245402718747 0.5220755267898194 0.5538669265940971 -0.5025763219076151
49.75499638832944 61.40978958669933 42.079476264348 0.061902338091879686 -0.022346185549531612 0.7594014619457475 -0.6472852293423709
49.81696969066554 61.433270113410984 42.57509855999819 0.06161300233926242 -0.0223990862929283 0.7577872156429402 -0.6492000113093839
49.87873358893118 61.45671712131688 43.07075117088967 0.061417542058878866 -0.02241499516028664 0.756162949576568 -0.6511090900971008
49.94032503118462 61.480203136303864 43.566425100652424 0.06120611223979299 -0.022422376490346868 0.7545349440853463 -0.6530145993859082
50.00172798333006 61.50372476237978 44.062122594465166 0.06097070492345543 -0.02242163997615422 0.7529037006541597 -0.6549166822911051
50.06292122282478 61.5272737843323 44.557846815640644 0.060705951213998965 -0.022411978907010424 0.7512695839614116 -0.656815425293227
50.123879097619 61.55083911249458 45.05360160849598 0.0604050930515518 -0.022392407520188756 0.7496330498680057 -0.6587109346021784
50.1845702738488 61.57440588345368 45.54939167346256 0.06005927786593551 -0.02236177101710634 0.7479946880657761 -0.6606033461651427
50.24495589261812 61.59795402814143 46.04522282242231 0.05965671687223911 -0.022318709907545295 0.7463552729907604 -0.6624928360359648
50.3049869169176 61.6214561571241 46.54110232900193 0.05918143264691821 -0.022261613579489612 0.7447158379078158 -0.6643796349678063
50.364600212998724 61.64487436367074 47.03703941308429 0.05861133949630264 -0.022188562605969093 0.7430777853679237 -0.6662640493562835
50.423712579990685 61.66815524458988 47.53304591531168 0.05791522101080643 -0.022097258744735684 0.7414430553114626 -0.6681464914684809
50.48221131866284 61.691221869509924 48.02913723454087 0.057047827394145066 -0.021984944484659104 0.7398143863276642 -0.6700275228587526
50.53993868748014 61.71396028303524 48.52533360380826 0.05594165547992605 -0.021848322703634546 0.7381957300227716 -0.6719079149357822
50.59666496436537 61.736195677192086 49.02166170539774 0.054492656393933074 -0.02168351060534333 0.7365929192919957 -0.6737887258004962
50.65203888300392 61.757647790468745 49.51815623572044 0.05253440415203147 -0.02148612188172628 0.7350147524551436 -0.6756713673230341
50.705489750786064 61.77784148040529 50.01485942485589 0.04978974967752921 -0.021251662621457324 0.733474707308147 -0.6775575262677708
50.75601936400819 61.795916143181536 50.51181033242885 0.04578276257297024 -0.020974964071738177 0.7319932962073354 -0.6794481612609576
50.801795157122505 61.810322682561456 51.00900323131381 0.039825563047919364 -0.020600203078715636 0.7305999658677402 -0.6813319646362475
50.844927288961514 61.82240660400945 51.506992787474836 -0.4922872507395343 -0.4950590204710071 0.5412074544505234 -0.46868360357151645
61.46418987371677 48.89440535846462 49.02390323099863
60.810779327138924 61.29957916484985 49.25728662479326
57.9718102881757 59.2913880038837 38.41264831486245
47.14550302687088 63.518486670997724 42.153700470890534
50.67958919493935 61.58472354093999 52.98355429760422
0.0 0.0 272.2189689625025 185.95134500625053
1.0 0.0 270.1395702442607 183.60200819967483
2.0 0.0 267.87299636304857 181.04119800139927
3.0 0.0 265.3927836680804 178.23901536980097
4.0 0.0 262.66723304034616 175.15964615034903
5.0 0.0 259.65804781930615 171.75982218413515
6.0 0.0 256.3185231564654 167.98677561156012
7.0 0.0 252.59110443575167 163.77548033794545
8.0 0.0 248.40404245035256 159.0448730006334
9.0 0.0 243.66672988097176 153.69258405005135
10.0 0.0 238.26306986987538 147.5874454621888
11.0 0.0 232.0418345851243 140.5585976954693
12.0 0.0 224.8022893698526 132.37924763244357
13.0 0.0 216.27212841166 122.74173995808971
14.0 0.0 206.07245520386275 111.21799154374852
15.0 0.0 193.65997061952885 97.19417463975148
16.0 0.0 178.2269560617489 79.75771629295221
17.0 0.0 158.51812568178357 57.49037515245169
18.0 0.0 132.47077309098532 28.06167366361032
19.0 1.0 322.88001082944845 203.88345220381888
20.0 1.0 322.9835082617956 202.29114067673277
21.0 1.0 323.0964163292974 200.55404620678323
22.0 1.0 323.2200796745029 198.65148142248694
23.0 1.0 323.35611192436306 196.55862061815967
24.0 1.0 323.506466491086 194.2454104803474
25.0 1.0 323.6735309787267 191.67511763921905
26.0 1.0 323.8602549178975 188.8023634656914
27.0 1.0 324.07032541343955 185.57042172601274
28.0 1.0 324.30841307063355 181.90743499861892
29.0 1.0 324.58052334965384 177.72100907387306
30.0 1.0 324.89451013547335 172.89031166356202
31.0 1.0 325.2608461816802 167.25421909649398
32.0 1.0 325.69381395520395 160.59299513176512
33.0 1.0 326.21341128493555 152.5989724897371
34.0 1.0 326.84852802966077 142.82767970752093
35.0 1.0 327.64250648523665 130.6122940848996
36.0 1.0 328.6634706862849 114.90472502542073
37.0 1.0 330.0249921689562 93.9576705713404
38.0 2.0 395.1588005922292 270.48859460523397
39.0 2.0 398.3987379381006 271.78999734464264
40.0 2.0 401.93263666974656 273.2094771058848
41.0 2.0 405.80240488968275 274.76386733775735
42.0 2.0 410.05831422005804 276.47336090814485
43.0 2.0 414.7611957261796 278.36239215221514
44.0 2.0 419.9853660585613 280.46081223134496
45.0 2.0 425.82258372807104 282.80547827104635
46.0 2.0 432.38748498145014 285.44243681778556
47.0 2.0 439.8251877706017 288.42997816547364
48.0 2.0 448.3221445212006 291.84299564433246
49.0 2.0 458.121987248722 295.7793502123066
50.0 2.0 469.5492667576756 300.36940590455373
51.0 2.0 483.04608974138455 305.7907460507438
52.0 2.0 499.2306434008654 312.2916811677131
53.0 2.0 518.994549725927 320.23035376754825
54.0 2.0 543.6728425498388 330.1430139385526
55.0 2.0 575.3587438398109 342.8704571997472
56.0 2.0 617.5309616791225 359.8099945932579
57.0 3.0 242.16614307369568 234.17320674450235
58.0 3.0 238.73441984265867 233.89603663894653
59.0 3.0 234.9882403003408 233.59346882992725
60.0 3.0 230.88230764398588 233.26184482905376
61.0 3.0 226.36218638244537 232.8967680431826
62.0 3.0 221.36187524107044 232.49290774514566
63.0 3.0 215.8005631558505 232.04373706501957
64.0 3.0 209.57822851118402 231.54117755361492
65.0 3.0 202.56956998887568 230.9751089951531
66.0 3.0 194.61548133017718 230.3326808490856
67.0 3.0 185.51082654766682 229.5973248902208
68.0 3.0 174.98649655833003 228.74730597620496
69.0 3.0 162.68236243084905 227.75353756153694
70.0 3.0 148.10523928755848 226.5761865666243
71.0 3.0 130.56118294123695 225.15920517797133
72.0 3.0 109.04176317189638 223.42114547810266
73.0 3.0 82.02314990510735 221.23893223217453
74.0 3.0 47.08860785073193 218.4173728997717
75.0 3.0 0.16223726402017746 214.62726914920182
76.0 4.0 307.4407999370433 221.64026876999077
77.0 4.0 306.8644363230214 220.80790056988604
78.0 4.0 306.23484842509134 219.89866734860254
79.0 4.0 305.5443068658668 218.90140655564875
80.0 4.0 304.7835094916369 217.80268428098404
81.0 4.0 303.94115989547794 216.5861865698932
82.0 4.0 303.00340272635907 215.23190391220083
83.0 4.0 301.9530556027703 213.71502199343087
84.0 4.0 300.7685467012727 212.00438738992517
85.0 4.0 299.4224174628044 210.06034521919653
86.0 4.0 297.8791675295123 207.8316268580177
87.0 4.0 296.09207815671664 205.25076240288644
88.0 4.0 293.9984007251757 202.22713205410233
89.0 4.0 291.51183657011774 198.6361056953292
90.0 4.0 288.51034489016683 194.30143541689807
91.0 4.0 284.81550144962824 188.9654459313564
92.0 4.0 280.15568476879014 182.2358690998468
93.0 4.0 274.09608635350406 173.48476666454087
94.0 4.0 265.8944995326154 161.6402645238386
