96 5 95
50 50 50 0.0 0.7071067811865475 0.0 0.7071067811865477
50.5 50 50 0.0 0.7071067811865475 0.0 0.7071067811865477
51.0 50 50 0.0 0.7071067811865475 0.0 0.7071067811865477
51.5 50 50 0.0 0.7071067811865475 0.0 0.7071067811865477
52.0 50 50 0.0 0.7071067811865475 0.0 0.7071067811865477
52.5 50 50 0.0 0.7071067811865475 0.0 0.7071067811865477
53.0 50 50 0.0 0.7071067811865475 0.0 0.7071067811865477
53.5 50 50 0.0 0.7071067811865475 0.0 0.7071067811865477
54.0 50 50 0.0 0.7071067811865475 0.0 0.7071067811865477
54.5 50 50 0.0 0.7071067811865475 0.0 0.7071067811865477
55.0 50 50 0.0 0.7071067811865475 0.0 0.7071067811865477
55.5 50 50 0.0 0.7071067811865475 0.0 0.7071067811865477
56.0 50 50 0.0 0.7071067811865475 0.0 0.7071067811865477
56.5 50 50 0.0 0.7071067811865475 0.0 0.7071067811865477
57.0 50 50 0.0 0.7071067811865475 0.0 0.7071067811865477
57.5 50 50 0.0 0.7071067811865475 0.0 0.7071067811865477
58.0 50 50 0.0 0.7071067811865475 0.0 0.7071067811865477
58.5 50 50 0.0 0.7071067811865475 0.0 0.7071067811865477
59.0 50 50 0.0 0.7071067811865475 0.0 0.7071067811865477
59.5 50 50 0.5000000000000001 -0.4999999999999999 -0.5 -0.5
59.5 50.5 50 0.5000000000000001 -0.4999999999999999 -0.5 -0.5
59.5 51.0 50 0.5000000000000001 -0.4999999999999999 -0.5 -0.5
59.5 51.5 50 0.5000000000000001 -0.4999999999999999 -0.5 -0.5
59.5 52.0 50 0.5000000000000001 -0.4999999999999999 -0.5 -0.5
59.5 52.5 50 0.5000000000000001 -0.4999999999999999 -0.5 -0.5
59.5 53.0 50 0.5000000000000001 -0.4999999999999999 -0.5 -0.5
59.5 53.5 50 0.5000000000000001 -0.4999999999999999 -0.5 -0.5
59.5 54.0 50 0.5000000000000001 -0.4999999999999999 -0.5 -0.5
59.5 54.5 50 0.5000000000000001 -0.4999999999999999 -0.5 -0.5
59.5 55.0 50 0.5000000000000001 -0.4999999999999999 -0.5 -0.5
59.5 55.5 50 0.5000000000000001 -0.4999999999999999 -0.5 -0.5
59.5 56.0 50 0.5000000000000001 -0.4999999999999999 -0.5 -0.5
59.5 56.5 50 0.5000000000000001 -0.4999999999999999 -0.5 -0.5
59.5 57.0 50 0.5000000000000001 -0.4999999999999999 -0.5 -0.5
59.5 57.5 50 0.5000000000000001 -0.4999999999999999 -0.5 -0.5
59.5 58.0 50 0.5000000000000001 -0.4999999999999999 -0.5 -0.5
59.5 58.5 50 0.5000000000000001 -0.4999999999999999 -0.5 -0.5
59.5 59.0 50 0.5000000000000001 -0.4999999999999999 -0.5 -0.5
59.5 59.5 50 0.7071067811865477 -0.7071067811865475 0.0 -1.570092458683775e-16
59.5 59.5 49.5 0.7071067811865477 -0.7071067811865475 0.0 -1.570092458683775e-16
59.5 59.5 49.0 0.7071067811865477 -0.7071067811865475 0.0 -1.570092458683775e-16
59.5 59.5 48.5 0.7071067811865477 -0.7071067811865475 0.0 -1.570092458683775e-16
59.5 59.5 48.0 0.7071067811865477 -0.7071067811865475 0.0 -1.570092458683775e-16
59.5 59.5 47.5 0.7071067811865477 -0.7071067811865475 0.0 -1.570092458683775e-16
59.5 59.5 47.0 0.7071067811865477 -0.7071067811865475 0.0 -1.570092458683775e-16
59.5 59.5 46.5 0.7071067811865477 -0.7071067811865475 0.0 -1.570092458683775e-16
59.5 59.5 46.0 0.7071067811865477 -0.7071067811865475 0.0 -1.570092458683775e-16
59.5 59.5 45.5 0.7071067811865477 -0.7071067811865475 0.0 -1.570092458683775e-16
59.5 59.5 45.0 0.7071067811865477 -0.7071067811865475 0.0 -1.570092458683775e-16
59.5 59.5 44.5 0.7071067811865477 -0.7071067811865475 0.0 -1.570092458683775e-16
59.5 59.5 44.0 0.7071067811865477 -0.7071067811865475 0.0 -1.570092458683775e-16
59.5 59.5 43.5 0.7071067811865477 -0.7071067811865475 0.0 -1.570092458683775e-16
59.5 59.5 43.0 0.7071067811865477 -0.7071067811865475 0.0 -1.570092458683775e-16
59.5 59.5 42.5 0.7071067811865477 -0.7071067811865475 0.0 -1.570092458683775e-16
59.5 59.5 42.0 0.7071067811865477 -0.7071067811865475 0.0 -1.570092458683775e-16
59.5 59.5 41.5 0.7071067811865477 -0.7071067811865475 0.0 -1.570092458683775e-16
59.5 59.5 41.0 0.7071067811865477 -0.7071067811865475 0.0 -1.570092458683775e-16
59.5 59.5 40.5 0.5000000000000001 -0.4999999999999999 -0.5 0.5
59.0 59.5 40.5 0.5000000000000001 -0.4999999999999999 -0.5 0.5
58.5 59.5 40.5 0.5000000000000001 -0.4999999999999999 -0.5 0.5
58.0 59.5 40.5 0.5000000000000001 -0.4999999999999999 -0.5 0.5
57.5 59.5 40.5 0.5000000000000001 -0.4999999999999999 -0.5 0.5
57.0 59.5 40.5 0.5000000000000001 -0.4999999999999999 -0.5 0.5
56.5 59.5 40.5 0.5000000000000001 -0.4999999999999999 -0.5 0.5
56.0 59.5 40.5 0.5000000000000001 -0.4999999999999999 -0.5 0.5
55.5 59.5 40.5 0.5000000000000001 -0.4999999999999999 -0.5 0.5
55.0 59.5 40.5 0.5000000000000001 -0.4999999999999999 -0.5 0.5
54.5 59.5 40.5 0.5000000000000001 -0.4999999999999999 -0.5 0.5
54.0 59.5 40.5 0.5000000000000001 -0.4999999999999999 -0.5 0.5
53.5 59.5 40.5 0.5000000000000001 -0.4999999999999999 -0.5 0.5
53.0 59.5 40.5 0.5000000000000001 -0.4999999999999999 -0.5 0.5
52.5 59.5 40.5 0.5000000000000001 -0.4999999999999999 -0.5 0.5
52.0 59.5 40.5 0.5000000000000001 -0.4999999999999999 -0.5 0.5
51.5 59.5 40.5 0.5000000000000001 -0.4999999999999999 -0.5 0.5
51.0 59.5 40.5 0.5000000000000001 -0.4999999999999999 -0.5 0.5
50.5 59.5 40.5 0.5000000000000001 -0.4999999999999999 -0.5 0.5
50.0 59.5 40.5 -3.4863055968420984e-32 1.570092458683775e-16 -0.7071067811865475 0.7071067811865477
50.0 59.5 41.0 -3.4863055968420984e-32 1.570092458683775e-16 -0.7071067811865475 0.7071067811865477
50.0 59.5 41.5 -3.4863055968420984e-32 1.570092458683775e-16 -0.7071067811865475 0.7071067811865477
50.0 59.5 42.0 -3.4863055968420984e-32 1.570092458683775e-16 -0.7071067811865475 0.7071067811865477
50.0 59.5 42.5 -3.4863055968420984e-32 1.570092458683775e-16 -0.7071067811865475 0.7071067811865477
50.0 59.5 43.0 -3.4863055968420984e-32 1.570092458683775e-16 -0.7071067811865475 0.7071067811865477
50.0 59.5 43.5 -3.4863055968420984e-32 1.570092458683775e-16 -0.7071067811865475 0.7071067811865477
50.0 59.5 44.0 -3.4863055968420984e-32 1.570092458683775e-16 -0.7071067811865475 0.7071067811865477
50.0 59.5 44.5 -3.4863055968420984e-32 1.570092458683775e-16 -0.7071067811865475 0.7071067811865477
50.0 59.5 45.0 -3.4863055968420984e-32 1.570092458683775e-16 -0.7071067811865475 0.7071067811865477
50.0 59.5 45.5 -3.4863055968420984e-32 1.570092458683775e-16 -0.7071067811865475 0.7071067811865477
50.0 59.5 46.0 -3.4863055968420984e-32 1.570092458683775e-16 -0.7071067811865475 0.7071067811865477
50.0 59.5 46.5 -3.4863055968420984e-32 1.570092458683775e-16 -0.7071067811865475 0.7071067811865477
50.0 59.5 47.0 -3.4863055968420984e-32 1.570092458683775e-16 -0.7071067811865475 0.7071067811865477
50.0 59.5 47.5 -3.4863055968420984e-32 1.570092458683775e-16 -0.7071067811865475 0.7071067811865477
50.0 59.5 48.0 -3.4863055968420984e-32 1.570092458683775e-16 -0.7071067811865475 0.7071067811865477
50.0 59.5 48.5 -3.4863055968420984e-32 1.570092458683775e-16 -0.7071067811865475 0.7071067811865477
50.0 59.5 49.0 -3.4863055968420984e-32 1.570092458683775e-16 -0.7071067811865475 0.7071067811865477
50.0 59.5 49.5 -3.4863055968420984e-32 1.570092458683775e-16 -0.7071067811865475 0.7071067811865477
50.0 59.5 50.0 0.4999999999999999 0.5000000000000001 -0.5 0.5
62.3982826073348 49.495263803192515 51.425355949964334
60.39160181420956 61.50473898899942 50.121133242380594
59.97870160763579 59.408924893188214 38.430467963812745
47.388853765865186 57.7492855255655 41.28576667576168
51.92189230574786 58.63126712098163 52.0934157382769
0 0 214.7660979980589 217.47429121156307
1 0 210.32285583062372 216.50668481203772
2 0 205.48979685301612 215.4541878695368
3 0 200.21326809656878 214.30511635832426
4 0 194.42929700991152 213.0455389535325
5 0 188.06098505159926 211.65870943291836
6 0 181.0150692985956 210.12431789714068
7 0 173.1773248226881 208.41748954366602
8 0 164.40632472270067 206.50742578680254
9 0 154.52483003344116 204.35552923516295
10 0 143.30768824691302 201.91276834839968
11 0 130.46446901110772 199.11589600726282
12 0 115.61395812784028 195.8818950625956
13 0 98.24567862073644 192.09959876486312
14 0 77.66002781789774 187.61665439572488
15 0 52.87175081868287 182.2185026511638
16 0 22.447574716969143 175.59301918954594
17 0 -15.781108950324665 167.26794538803034
18 0 -65.25920536062625 156.4930830422815
19 1 237.04613933737028 196.66669054116824
20 1 233.25441557426913 194.6751253844367
21 1 229.10173817233203 192.49397292250734
22 1 224.5339897319098 190.0948085299991
23 1 219.4856653971143 187.44322643351342
24 1 213.87671133824105 184.49717915600195
25 1 207.60824802621747 181.20473120924922
26 1 200.55669068444 177.50097091973586
27 1 192.56551940643988 173.30368776487802
28 1 183.43352456734064 168.50719839242248
29 1 172.8976309930972 162.97332518633925
30 1 160.60714099200746 156.51786767555583
31 1 146.08394022558423 148.88970106381709
32 1 128.65884971059558 139.73734575242668
33 1 107.36559046096085 128.55327332407558
34 1 80.75531571840011 114.57649144347991
35 1 46.55238576639738 96.61174300546992
36 1 0.9664604603150337 72.66818958513696
37 1 -62.819335373711226 39.16533536520336
38 2 283.5763418650479 217.09766557517833
39 2 281.90853612519163 216.04060488154116
40 2 280.08293666900556 214.8835340181048
41 2 278.0760378783891 213.61155504778935
42 2 275.8594215401406 212.20665641478766
43 2 273.39840269805785 210.6468546812295
44 2 270.6502014483838 208.90503580519828
45 2 267.56143506589297 206.94736564210103
46 2 264.06461619512083 204.73107048689886
47 2 260.0731650272076 202.20127577559344
48 2 255.47414376968572 199.28640116858614
49 2 250.11739996780585 195.89127955248017
50 2 243.7988619313161 191.88656962733018
51 2 236.23394888597215 187.0919031743264
52 2 227.01352429471154 181.24796812772624
53 2 215.52737860597085 173.96801169226995
54 2 200.82340336077954 164.64858443496547
55 2 181.32912944079234 152.2930503224674
56 2 154.24815348890002 135.12903982652963
57 3 467.1394935329455 277.19597630960453
58 3 473.4540937703385 278.7761810357204
59 3 480.337006232621 280.49860373762544
60 3 487.8685679840953 282.3833484605355
61 3 496.145006881748 284.4544958601814
62 3 505.28257500332796 286.7411375774863
63 3 515.4230430769849 289.2787511987146
64 3 526.7411090914898 292.111054232041
65 3 539.4545470654932 295.292543798512
66 3 553.8383560431421 298.8920373644598
67 3 570.2448781677382 302.99770721302565
68 3 589.1330459167929 307.7243994536492
69 3 611.1119869881338 313.2245459792025
70 3 637.0079425435449 319.7049105023003
71 3 667.9704632820188 327.45316371929204
72 3 705.6476964078963 336.8817482082859
73 3 752.4895836180883 348.6037525738846
74 3 812.3029441979857 363.57181888369234
75 3 891.3418107742384 383.35099504927643
76 4 528.6568067907698 334.26218651150816
77 4 538.0388047119576 338.4882152083319
78 4 548.3064469005828 343.1131736555999
79 4 559.5913504856338 348.1963474946831
80 4 572.0525716506711 353.80938201923647
81 4 585.8841492938119 360.0396801426514
82 4 601.3252822132711 366.99498661119543
83 4 618.6742786873518 374.80967145513296
84 4 638.3080172422102 383.6534959001784
85 4 660.7096379118744 393.74408562324413
86 4 686.5088330040971 405.36507933168065
87 4 716.5419744082644 418.8932125178057
88 4 751.9444898782006 434.8399274470236
89 4 794.2976485489042 453.91749125028474
90 4 845.8712133582846 477.14829632110366
91 4 910.0439296115619 506.0542652541199
92 4 992.0750627381531 543.0043824400395
93 4 1100.6241747162662 591.8992624099303
94 4 1251.0289407555495 659.6476101244014
