96 5 95
50.00000000000543 50.0000000000024 50.0000000000331 1.5590735314082455e-10 0.7071067811995534 1.1546139664636406e-10 0.7071067811735415
50.49999836922487 50.00001743138944 50.000020687481715 -8.795241866982684e-05 0.7070163670281668 6.238271482876285e-05 0.7071971755649631
50.99999360908806 50.000159175612325 50.00020210696095 -0.0002623813409701064 0.7067913764363074 0.00018053531002108422 0.707421973618507
51.499983475608744 50.0005376360982 50.00075422699383 -0.0005731993748067987 0.7063634736108324 0.00038489204574562274 0.7078489714967653
51.99996503079417 50.00134905914599 50.00199189375432 -0.0011818550360445034 0.7056413568986002 0.0007867415915988003 0.7085677523643338
52.499947211074115 50.00315260944088 50.00431672801678 0.0006143732146534567 0.7064769273053829 0.002022062242508825 0.7077329192534321
52.99992586372184 50.00465023542136 50.00555772798309 0.0020919756161051793 0.7070289889466342 0.003439936824768099 0.7071731041702332
53.49989804013575 50.006167231547835 50.00608932551008 0.0034095527702494356 0.707398941162305 0.004922534139057933 0.7067891352093681
53.99986420103417 50.00785613669703 50.00614803018677 0.004620129889985611 0.7076683155881863 0.00643173735361725 0.7065004191555677
54.499825211700596 50.00981091850594 50.00586174253141 0.005749164910278367 0.7078926427670703 0.007947849389205975 0.7062519275082892
54.999781883466255 50.012096910782084 50.00528389753972 0.006809780672072007 0.7081114133845242 0.009458401081260615 0.7060045267353148
55.49973506866721 50.014764157422356 50.00441375702989 0.007808079773901192 0.7083563872263802 0.010954543311198639 0.7057267605431143
55.999685966073955 50.01785496497613 50.003205139820004 0.008745973338573583 0.708657804426244 0.01242925557502321 0.7053886430769829
56.49963664899247 50.021408507283454 50.001566015808415 0.00962302211263865 0.7090496457096896 0.013876348025301431 0.7049563421445785
56.99959099344848 50.02546373303458 49.999349564891695 0.01043791855954445 0.7095750548238111 0.01528998399017882 0.70438661814199
57.49955638904726 50.03006115270072 49.996335328766605 0.011190279915928688 0.7102930077366362 0.01666461344951674 0.7036198628907688
57.99954689620474 50.035242763578914 49.99219691189852 0.011885072425913284 0.711287094937994 0.017994648840329128 0.7025707126270019
58.49958763481716 50.04103963680317 49.98645239309896 0.012556255815241753 0.7126729184577374 0.019266726639667647 0.7011194227672098
58.99969982523107 50.04734082747036 49.978425016459504 0.013459715407892304 0.7145509936073063 0.020377967883360278 0.6991569580722875
59.49955740596293 50.052491470990155 49.967660730088454 -0.48365946714104635 0.49462402213919004 0.5184919441037633 0.5025800438409679
59.49710656752598 50.55204205372222 49.9892453671848 -0.4827868469820221 0.49718227128189796 0.5183838944471316 0.5010037799078526
59.495568117152196 51.05166795760481 50.00928568783653 -0.4818064284012489 0.49912275804735606 0.5187937698337727 0.4995918957830435
59.49455138597427 51.55133366503663 50.02845115848236 -0.48072065707278266 0.5007010655455276 0.5194960243051845 0.498327175213426
59.49387314895871 52.05102007529419 50.0471708271743 -0.47956387617207 0.5020596062489625 0.5203667139861773 0.4971650866856846
59.49343643230788 52.550716378592185 50.06571116566656 -0.4783605653603454 0.5032839759748948 0.5213310012611779 0.4960749904591541
59.493192970463376 53.050416221849 50.08423777558726 -0.47712549616410765 0.5044271412665731 0.5223418706465929 0.495038877496712
59.49312568673996 53.550115758221494 50.102854438135765 -0.4758669190364604 0.505523010963384 0.5233683375972533 0.4940473094289134
59.4932397226257 54.0498125871981 50.12162668262749 -0.4745887899970341 0.5065947949389872 0.5243881696385815 0.49309658454807315
59.49355860123543 54.549505134987925 50.14059551954201 -0.47329202013963173 0.5076604990148708 0.5253830704050928 0.4921870688506923
59.49412416501292 55.04919224106402 50.159784805280665 -0.47197499049149577 0.5087369365631573 0.5263351372187286 0.4913223596131455
59.49499999429358 55.54887278983379 50.17920416534778 -0.47063342823630333 0.5098432087441586 0.5272237776935819 0.49050908957787237
59.49627896528487 56.04854520707042 50.19884834875379 -0.46925953681287047 0.5110044386420538 0.528022424644413 0.48975735815904303
59.498096860876565 56.54820650176161 50.21869310750778 -0.467839977414643 0.512256574579093 0.528694379358901 0.48908200801856044
59.5006560907349 57.047850141101506 50.23868705097522 -0.46635178668821387 0.5136533091712256 0.5291869369665675 0.4885053477436068
59.50426772534249 57.547461018784624 50.25873833199006 -0.4647544335395356 0.5152766178475985 0.5294225891699704 0.4880625427969758
59.50942773199163 58.04700323253669 50.27869413122646 -0.46297559032868973 0.517252788368648 0.5292859827979645 0.48781093068754905
59.51694667869101 58.546392696058206 50.29830517153594 -0.4608973828872535 0.5197719914032541 0.5286109364385319 0.48783312441648957
59.52799962216691 59.04548560856732 50.317102831623494 -0.45846525535828575 0.523060844738665 0.5272409370990602 0.4880921599221207
59.541579868789135 59.54503799524599 50.3333197939865 -0.6935352819416911 0.7184051305282912 0.04676486213231116 -0.02675684589845756
59.48965711739305 59.560238553428334 49.83623956937398 -0.6918502096296192 0.7201350809235388 0.044730825344457305 -0.027347868704957368
59.43865479163787 59.5738395624641 49.33901138878291 -0.6901386980482475 0.7218371584060361 0.04346682224936153 -0.027754811548838097
59.38820528552201 59.58648188404329 48.84169767232752 -0.6884147243541711 0.7235215353996886 0.042642004598583264 -0.02798954356651969
59.338140181357225 59.598572824290486 48.34432846476555 -0.68668462336456 0.7251924872968333 0.042072606633877956 -0.028106585953040608
59.28837354237062 59.61036068581574 47.84691946591116 -0.6849520161826487 0.7268522319606293 0.04164678279571752 -0.028144518186363224
59.23886652812056 59.621993868113734 47.349478486079036 -0.6832192918422446 0.7285019872277368 0.04129335993833545 -0.02812671834436303
59.18961125723683 59.63355797801758 46.852008484262825 -0.6814882667628855 0.7301424144534848 0.04096434165921275 -0.028066342707612376
59.14062288966597 59.64509777579209 46.354509106410454 -0.6797605449692031 0.731773859436798 0.040623987889678 -0.027969836540188395
59.09193676333484 59.65662933392815 45.85697740377652 -0.6780377407310116 0.7333965091450123 0.0402414585166924 -0.027838957141827585
59.043609423575326 59.66814569310179 45.35940803567622 -0.6763216339143577 0.735010515957004 0.039785276872415114 -0.027671658356842273
58.99572346968945 59.67961784805647 44.861793101289145 -0.6746142955421192 0.7366161194486434 0.03921844544607087 -0.027461943766345538
58.948397203263866 59.69099199392507 44.364121670665014 -0.6729182110081476 0.7382137836466581 0.03849332843436025 -0.02719842998637403
58.90180160646775 59.70218352916079 43.866379071891046 -0.671236441597644 0.7398043469476874 0.0375455232170151 -0.026860778004350317
58.85619005705454 59.71306851135232 43.36854607822279 -0.669572930401169 0.7413891176115579 0.03628594200511261 -0.026412072503842983
58.81195221633091 59.72347477904294 42.8705984958351 -0.6679332605123918 0.7429696390048497 0.03459038505637035 -0.02578333337527288
58.76971548154696 59.733179300799854 42.372508844864846 -0.6663266274226374 0.7445462180493418 0.03228733148689636 -0.02484518064838314
58.73052256010451 59.74192397371586 41.87425509804939 -0.6647694174948034 0.7461130232199513 0.029158628464237415 -0.023382740029529097
58.69585435680823 59.749399642505736 41.375836324535825 -0.6632713786846081 0.7476542761544036 0.025086795441347145 -0.021326374758449132
58.66327024813377 59.7540107184124 40.87692048614117 -0.4552147148957165 0.51222746158557 0.5427796160523352 -0.48558508969911174
58.16748034736563 59.81110858276196 40.907538133926614 -0.45541989019491547 0.5132825122612508 0.5399574344156338 -0.4874215375226215
57.671413630860464 59.86650382733291 40.93696315548709 -0.4550849793123871 0.5144577272756103 0.5375198976072064 -0.4891863327271072
57.17515751977679 59.92071881035545 40.96552951895386 -0.4544438227239256 0.5157399916523442 0.5352864422190884 -0.49087829222215124
56.6787616356004 59.97407299569021 40.993389606502454 -0.4536270007392089 0.517092354461961 0.5331559081022097 -0.49252697267565293
56.182253344451865 60.02674552287379 41.02061957872724 -0.4527135915155308 0.5184880834612671 0.5310665466666007 -0.494154666453108
55.68564674472781 60.078826100490026 41.047253303937616 -0.45175330457996804 0.5199095348541939 0.5289790006402495 -0.4957764054999163
55.18894782269759 60.13034666297732 41.073299011707306 -0.45077880949723986 0.521344675433057 0.5268668208920531 -0.49740280191103975
54.692157421264014 60.18129973279115 41.098748712631185 -0.44981318770360157 0.5227844763493852 0.5247107567199336 -0.49904219184195053
54.195272951454434 60.2316482667681 41.123583702720474 -0.4488746096441692 0.5242210739814137 0.5224952150015901 -0.500702107755709
53.698289383766706 60.28132991958404 41.14777784519042 -0.44797940010045 0.525646355084946 0.5202060006524978 -0.502390369490385
53.20119985217068 60.33025736902937 41.17129966853909 -0.4471441797975545 0.5270506871599985 0.5178288197830586 -0.5041160273582166
52.703996112043875 60.378315501560124 41.194114021201315 -0.4463874837149432 0.5284215650666333 0.515348252365716 -0.505890346556221
52.206669086257385 60.42535567691917 41.21618395560864 -0.4457310529659216 0.5297419562780218 0.5127470544935536 -0.5077280239348719
51.70920981822498 60.47118686099236 41.23747367249547 -0.44520080779276744 0.5309881079892487 0.5100057698686578 -0.5096488836594691
51.21161137011097 60.51556308729726 41.25795379886783 -0.44482727221905877 0.5321265737082554 0.5071027308537789 -0.5116803961500809
50.7138725852507 60.55816662042047 41.27761090025205 -0.4446450014486523 0.5331105848812604 0.5040145579801856 -0.5138611216256066
50.2160041254882 60.598588009816055 41.296460639871455 -0.44469220820781 0.5338801272620861 0.500716864790832 -0.5162397417750014
49.71801683149706 60.636327097241264 41.314511835174066 -0.4450390195794693 0.534416574227838 0.497183635926827 -0.5187943989760364
49.21949838820134 60.671146522046726 41.33085103143877 0.04869128600188986 0.02632532219936628 0.7278006462852026 -0.6835512821620797
49.237181170838404 60.72366899375862 41.82774052133926 0.04655745872539367 0.025691340340086116 0.726006370119754 -0.6856289875830088
49.25368905420977 60.77441846904597 42.32484957669803 0.04504865334150639 0.025141021077113884 0.7240994217961234 -0.6877634587893112
49.26938588368365 60.823853537786185 42.82211521406274 0.04387895342583595 0.024697287736404873 0.7221129818536147 -0.6899402313702251
49.28443278634197 60.87226084809456 43.31950019132973 0.04289026333819887 0.02432512266266811 0.7200689477588866 -0.6921484119693087
49.298906327449885 60.91980108676877 43.81698392418547 0.041986260303066576 0.023997895861627122 0.7179807910890212 -0.6943809030835746
49.31283463894827 60.96655461223671 44.31455584142367 0.04110550666153235 0.023699522008562474 0.7158566609745838 -0.6966332685976058
49.32621431193865 61.01255087590959 44.81221144313381 0.04020662728145467 0.02342130522521061 0.7137014572407839 -0.698902782593244
49.33901911617313 61.057786101090876 45.30995005020555 0.03925933549968244 0.02315962678902104 0.7115181613841721 -0.7011877368320156
49.35120393640439 61.10223357439486 45.80777356157389 0.03823875873818262 0.02291470345423491 0.7093087243938958 -0.7034869204146386
49.36270544651524 61.14584937923356 46.305685837056096 0.03712164587111578 0.022690174144304836 0.7070747159351949 -0.7057991821263921
49.373440178584374 61.18857531460184 46.80369251569345 -0.03588358202852479 -0.022493382832271567 -0.704817879486002 0.7081229928666478
49.38330005198523 61.230340080411004 47.30180121551833 -0.03449663353188465 -0.022336374110012228 -0.7025407139585093 0.7104559197425641
49.39214489751909 61.27105943264362 47.8000221921562 -0.03292699803714992 -0.02223776989718982 -0.7002472115219552 0.7127938952782825
49.399790909995176 61.31063581263018 48.298369717048665 -0.03113228704670461 -0.022225865711694347 -0.6979439343679452 0.7151300973078961
49.40599317243308 61.34895783598339 48.79686475397834 -0.029058042617035384 -0.022343458616407647 -0.6956417492245814 0.7174531042180303
49.41041942323891 61.38589975769326 49.29554005675874 -0.02663307166076579 -0.022654813914560756 -0.6933588779045984 0.7197436386181438
49.412612793238736 61.421319319169406 49.79444885561142 -0.02376440022466797 -0.023251394944808615 -0.6911269243552112 0.721968282091664
49.411972833304254 61.45503460512261 50.29365861976327 -0.020356208756687647 -0.02419217860200687 -0.6890063953360192 0.7240652943247647
49.408481674403525 61.4864423951812 50.79265898302392 0.47652808714358974 0.49383601883918016 -0.4977597834364614 0.5303604120347101
62.74609012996162 49.474247798042576 51.450592014481536
60.36899593465679 61.21098924457222 50.42974375525555
58.909692219132836 59.66731507454941 39.49186174629558
46.743201959051866 59.30519730854095 42.32525607685676
51.47817246490922 60.81966590875791 53.10553800995454
0.0 0.0 214.7660979980589 217.47429121156307
1.0 0.0 210.32285583062372 216.50668481203772
2.0 0.0 205.48979685301612 215.4541878695368
3.0 0.0 200.21326809656878 214.30511635832426
4.0 0.0 194.42929700991152 213.0455389535325
5.0 0.0 188.06098505159926 211.65870943291836
6.0 0.0 181.0150692985956 210.12431789714068
7.0 0.0 173.1773248226881 208.41748954366602
8.0 0.0 164.40632472270067 206.50742578680254
9.0 0.0 154.52483003344116 204.35552923516295
10.0 0.0 143.30768824691302 201.91276834839968
11.0 0.0 130.46446901110772 199.11589600726282
12.0 0.0 115.61395812784028 195.8818950625956
13.0 0.0 98.24567862073644 192.09959876486312
14.0 0.0 77.66002781789774 187.61665439572488
15.0 0.0 52.87175081868287 182.2185026511638
16.0 0.0 22.447574716969143 175.59301918954594
17.0 0.0 -15.781108950324665 167.26794538803034
18.0 0.0 -65.25920536062625 156.4930830422815
19.0 1.0 237.04613933737028 196.66669054116824
20.0 1.0 233.25441557426913 194.6751253844367
21.0 1.0 229.10173817233203 192.49397292250734
22.0 1.0 224.5339897319098 190.0948085299991
23.0 1.0 219.4856653971143 187.44322643351342
24.0 1.0 213.87671133824105 184.49717915600195
25.0 1.0 207.60824802621747 181.20473120924922
26.0 1.0 200.55669068444 177.50097091973586
27.0 1.0 192.56551940643988 173.30368776487802
28.0 1.0 183.43352456734064 168.50719839242248
29.0 1.0 172.8976309930972 162.97332518633925
30.0 1.0 160.60714099200746 156.51786767555583
31.0 1.0 146.08394022558423 148.88970106381709
32.0 1.0 128.65884971059558 139.73734575242668
33.0 1.0 107.36559046096085 128.55327332407558
34.0 1.0 80.75531571840011 114.57649144347991
35.0 1.0 46.55238576639738 96.61174300546992
36.0 1.0 0.9664604603150337 72.66818958513696
37.0 1.0 -62.819335373711226 39.16533536520336
38.0 2.0 283.5763418650479 217.09766557517833
39.0 2.0 281.90853612519163 216.04060488154116
40.0 2.0 280.08293666900556 214.8835340181048
41.0 2.0 278.0760378783891 213.61155504778935
42.0 2.0 275.8594215401406 212.20665641478766
43.0 2.0 273.39840269805785 210.6468546812295
44.0 2.0 270.6502014483838 208.90503580519828
45.0 2.0 267.56143506589297 206.94736564210103
46.0 2.0 264.06461619512083 204.73107048689886
47.0 2.0 260.0731650272076 202.20127577559344
48.0 2.0 255.47414376968572 199.28640116858614
49.0 2.0 250.11739996780585 195.89127955248017
50.0 2.0 243.7988619313161 191.88656962733018
51.0 2.0 236.23394888597215 187.0919031743264
52.0 2.0 227.01352429471154 181.24796812772624
53.0 2.0 215.52737860597085 173.96801169226995
54.0 2.0 200.82340336077954 164.64858443496547
55.0 2.0 181.32912944079234 152.2930503224674
56.0 2.0 154.24815348890002 135.12903982652963
57.0 3.0 467.1394935329455 277.19597630960453
58.0 3.0 473.4540937703385 278.7761810357204
59.0 3.0 480.337006232621 280.49860373762544
60.0 3.0 487.8685679840953 282.3833484605355
61.0 3.0 496.145006881748 284.4544958601814
62.0 3.0 505.28257500332796 286.7411375774863
63.0 3.0 515.4230430769849 289.2787511987146
64.0 3.0 526.7411090914898 292.111054232041
65.0 3.0 539.4545470654932 295.292543798512
66.0 3.0 553.8383560431421 298.8920373644598
67.0 3.0 570.2448781677382 302.99770721302565
68.0 3.0 589.1330459167929 307.7243994536492
69.0 3.0 611.1119869881338 313.2245459792025
70.0 3.0 637.0079425435449 319.7049105023003
71.0 3.0 667.9704632820188 327.45316371929204
72.0 3.0 705.6476964078963 336.8817482082859
73.0 3.0 752.4895836180883 348.6037525738846
74.0 3.0 812.3029441979857 363.57181888369234
75.0 3.0 891.3418107742384 383.35099504927643
76.0 4.0 528.6568067907698 334.26218651150816
77.0 4.0 538.0388047119576 338.4882152083319
78.0 4.0 548.3064469005828 343.1131736555999
79.0 4.0 559.5913504856338 348.1963474946831
80.0 4.0 572.0525716506711 353.80938201923647
81.0 4.0 585.8841492938119 360.0396801426514
82.0 4.0 601.3252822132711 366.99498661119543
83.0 4.0 618.6742786873518 374.80967145513296
84.0 4.0 638.3080172422102 383.6534959001784
85.0 4.0 660.7096379118744 393.74408562324413
86.0 4.0 686.5088330040971 405.36507933168065
87.0 4.0 716.5419744082644 418.8932125178057
88.0 4.0 751.9444898782006 434.8399274470236
89.0 4.0 794.2976485489042 453.91749125028474
90.0 4.0 845.8712133582846 477.14829632110366
91.0 4.0 910.0439296115619 506.0542652541199
92.0 4.0 992.0750627381531 543.0043824400395
93.0 4.0 1100.6241747162662 591.8992624099303
94.0 4.0 1251.0289407555495 659.6476101244014
